0000 1 1000001 1000001 1000001 1000001 1 
0001 1 1000001 1000001 1 1 1 
0002 1 1000001 1000001 1 1 1 
0003 1 1000001 1000001 1 1 1 
0004 1 1000001 1000001 1 1 1 
0005 1 1000001 1000001 1 1 1 
0006 1 1000001 1000001 1 1 1 
0007 1 1000001 1000001 1 1 1 
0008 1 1000001 1000001 1 1 1 
0009 1 1000001 1000001 1 1 1 
0010 1 1000001 1000001 1 1 1 
0011 1 1000001 1000001 1 1 1 
0012 1 1000001 1000001 1 1 1 
0013 1 1000001 1000001 1 1 1 
0014 1 1000001 1000001 1 1 1 
0015 1 1000001 1000001 1 1 1 
0016 1 1000001 1000001 1 1 1 
0017 1 1000001 1000001 1 1 1 
0018 1 1000001 1000001 1 1 1 
0019 1 1000001 1000001 1 1 1 
0020 1 1000001 1000001 1 1 1 
0021 1 1000001 1000001 1 1 1 
0022 1 1000001 1000001 1 1 1 
0023 1 1000001 1000001 1 1 1 
0024 1 1000001 1000001 1 1 1 
0025 1 1000001 1000001 1 1 1 
0026 1 1000001 1000001 1 1 1 
0027 1 1000001 1000001 1 1 1 
0028 1 1000001 1000001 1 1 1 
0029 1 1000001 1000001 1 1 1 
0030 1 1000001 1000001 1 1 1 
0031 1 1000001 1000001 1 1 1 
0032 1 1000001 1000001 1 1 1 
0033 1 1000001 1000001 1 1 1 
0034 1 1000001 1000001 1 1 1 
0035 1 1000001 1000001 1 1 1 
0036 1 1000001 1000001 1 1 1 
0037 1 1000001 1000001 1 1 1 
0038 1 1000001 1000001 1 1 1 
0039 1 1000001 1000001 1 1 1 
0040 1 1000001 1000001 1 1 1 
0041 1 1000001 1000001 1 1 1 
0042 1 1000001 1000001 1 1 1 
0043 1 1000001 1000001 1 1 1 
0044 1 1000001 1000001 1 1 1 
0045 1 1000001 1000001 1 1 1 
0046 1 1000001 1000001 1 1 1 
0047 1 1000001 1000001 1 1 1 
0048 1 1000001 1000001 1 1 1 
0049 1 1000001 1000001 1 1 1 
0050 1000001 1000001 1000001 1 1 1 
0100 1 1 1 1000001 1 1 
0150 1000001 1000001 1 1 1 1000001 
0200 1 1 1000001 1000001 1000001 1 
0250 1000001 1 1 1 1 1 
0300 1 1 1 1000001 1 1 
0350 1000001 1000001 1 1 1 1000001 
0400 1 1 1000001 1000001 1000001 1 
0450 1000001 1 1 1 1 1 
0500 1 1 1 1000001 1 1 
0550 1000001 1000001 1 1 1 1000001 
0600 1 1 1000001 1000001 1000001 1 
0650 1000001 1 1 1 1 1 
0700 1 1 1 1000001 1 1 
0750 1000001 1000001 1 1 1 1000001 
0800 1 1 1000001 1000001 1000001 1 
0850 1000001 1 1 1 1 1 
0900 1 1 1 1000001 1 1 
0950 1000001 1000001 1 1 1 1000001 
1000 1 1 1000001 1000001 1000001 1 
1050 1000001 1 1 1 1 1 
1100 1 1 1 1000001 1 1 
1150 1000001 1000001 1 1 1 1000001 
1200 1 1 1000001 1000001 1000001 1 
1250 1000001 1 1 1 1 1 
1300 1 1 1 1000001 1 1 
1350 1000001 1000001 1 1 1 1000001 
1400 1 1 1000001 1000001 1000001 1 
1450 1000001 1 1 1 1 1 
1500 1 1 1 1000001 1 1 
1550 1000001 1000001 1 1 1 1000001 
1600 1 1 1000001 1000001 1000001 1 
1650 1000001 1 1 1 1 1 
1700 1 1 1 1000001 1 1 
1750 1000001 1000001 1 1 1 1000001 
1800 1 1 1000001 1000001 1000001 1 
1850 1000001 1 1 1 1 1 
1900 1 1 1 1000001 1 1 
1950 1000001 1000001 1 1 1 1000001 
2000 1 1 1000001 1000001 1000001 1 
2050 1000001 1 1 1 1 1 
2100 1 1 1 1000001 1 1 
2150 1000001 1000001 1 1 1 1000001 
2200 1 1 1000001 1000001 1000001 1 
2250 1000001 1 1 1 1 1 
2300 1 1 1 1000001 1 1 
2350 1000001 1000001 1 1 1 1000001 
2400 1 1 1000001 1000001 1000001 1 
2450 1000001 1 1 1 1 1 
2500 1 1 1 1000001 1 1 
2550 1000001 1000001 1 1 1 1000001 
2600 1 1 1000001 1000001 1000001 1 
2650 1000001 1 1 1 1 1 
2700 1 1 1 1000001 1 1 
2750 1000001 1000001 1 1 1 1000001 
2800 1 1 1000001 1000001 1000001 1 
2850 1000001 1 1 1 1 1 
2900 1 1 1 1000001 1 1 
2950 1000001 1000001 1 1 1 1000001 
3000 1 1 1000001 1000001 1000001 1 
3050 1000001 1 1 1 1 1 
3100 1 1 1 1000001 1 1 
3150 1000001 1000001 1 1 1 1000001 
3200 1 1 1000001 1000001 1000001 1 
3250 1000001 1 1 1 1 1 
3300 1 1 1 1000001 1 1 
3350 1000001 1000001 1 1 1 1000001 
3400 1 1 1000001 1000001 1000001 1 
3450 1000001 1 1 1 1 1 
3500 1 1 1 1000001 1 1 
3550 1000001 1000001 1 1 1 1000001 
3600 1 1 1000001 1000001 1000001 1 
3650 1000001 1 1 1 1 1 
3700 1 1 1 1000001 1 1 
3750 1000001 1000001 1 1 1 1000001 
3800 1 1 1000001 1000001 1000001 1 
3850 1000001 1 1 1 1 1 
3900 1 1 1 1000001 1 1 
3950 1000001 1000001 1 1 1 1000001 
4000 1 1 1000001 1000001 1000001 1 
4050 1000001 1 1 1 1 1 
4100 1 1 1 1000001 1 1 
4150 1000001 1000001 1 1 1 1000001 
4200 1 1 1000001 1000001 1000001 1 
4250 1000001 1 1 1 1 1 
4300 1 1 1 1000001 1 1 
4350 1000001 1000001 1 1 1 1000001 
4400 1 1 1000001 1000001 1000001 1 
4450 1000001 1 1 1 1 1 
4500 1 1 1 1000001 1 1 
4550 1000001 1000001 1 1 1 1000001 
4600 1 1 1000001 1000001 1000001 1 
4650 1000001 1 1 1 1 1 
4700 1 1 1 1000001 1 1 
4750 1000001 1000001 1 1 1 1000001 
4800 1 1 1000001 1000001 1000001 1 
4850 1000001 1 1 1 1 1 
4900 1 1 1 1000001 1 1 
4950 1000001 1000001 1 1 1 1000001 
5000 1 1 1000001 1000001 1000001 1 
5050 1000001 1 1 1 1 1 
5100 1 1 1 1000001 1 1 
5150 1000001 1000001 1 1 1 1000001 
5200 1 1 1000001 1000001 1000001 1 
5250 1000001 1 1 1 1 1 
5300 1 1 1 1000001 1 1 
5350 1000001 1000001 1 1 1 1000001 
5400 1 1 1000001 1000001 1000001 1 
5450 1000001 1 1 1 1 1 
5500 1 1 1 1000001 1 1 
5550 1000001 1000001 1 1 1 1000001 
5600 1 1 1000001 1000001 1000001 1 
5650 1000001 1 1 1 1 1 
5700 1 1 1 1000001 1 1 
5750 1000001 1000001 1 1 1 1000001 
5800 1 1 1000001 1000001 1000001 1 
5850 1000001 1 1 1 1 1 
5900 1 1 1 1000001 1 1 
5950 1000001 1000001 1 1 1 1000001 
6000 1 1 1000001 1000001 1000001 1 
6050 1000001 1 1 1 1 1 
6100 1 1 1 1000001 1 1 
6150 1000001 1000001 1 1 1 1000001 
6200 1 1 1000001 1000001 1000001 1 
6250 1000001 1 1 1 1 1 
6300 1 1 1 1000001 1000001 1000001 
6301 1 1 1 1 1000001 1000001 
6302 1 1 1 1 1000001 1000001 
6303 1 1 1 1 1000001 1000001 
6304 1 1 1 1 1000001 1000001 
6305 1 1 1 1 1000001 1000001 
6306 1 1 1 1 1000001 1000001 
6307 1 1 1 1 1000001 1000001 
6308 1 1 1 1 1000001 1000001 
6309 1 1 1 1 1000001 1000001 
6310 1 1 1 1 1000001 1000001 
6311 1 1 1 1 1000001 1000001 
6312 1 1 1 1 1000001 1000001 
6313 1 1 1 1 1000001 1000001 
6314 1 1 1 1 1000001 1000001 
6315 1 1 1 1 1000001 1000001 
6316 1 1 1 1 1000001 1000001 
6317 1 1 1 1 1000001 1000001 
6318 1 1 1 1 1000001 1000001 
6319 1 1 1 1 1000001 1000001 
6320 1 1 1 1 1000001 1000001 
6321 1 1 1 1 1000001 1000001 
6322 1 1 1 1 1000001 1000001 
6323 1 1 1 1 1000001 1000001 
6324 1 1 1 1 1000001 1000001 
6325 1 1 1 1 1000001 1000001 
6326 1 1 1 1 1000001 1000001 
6327 1 1 1 1 1000001 1000001 
6328 1 1 1 1 1000001 1000001 
6329 1 1 1 1 1000001 1000001 
6330 1 1 1 1 1000001 1000001 
6331 1 1 1 1 1000001 1000001 
6332 1 1 1 1 1000001 1000001 
6333 1 1 1 1 1000001 1000001 
6334 1 1 1 1 1000001 1000001 
6335 1 1 1 1 1000001 1000001 
6336 1 1 1 1 1000001 1000001 
6337 1 1 1 1 1000001 1000001 
6338 1 1 1 1 1000001 1000001 
6339 1 1 1 1 1000001 1000001 
6340 1 1 1 1 1000001 1000001 
6341 1 1 1 1 1000001 1000001 
6342 1 1 1 1 1000001 1000001 
6343 1 1 1 1 1000001 1000001 
6344 1 1 1 1 1000001 1000001 
6345 1 1 1 1 1000001 1000001 
6346 1 1 1 1 1000001 1000001 
6347 1 1 1 1 1000001 1000001 
6348 1 1 1 1 1000001 1000001 
6349 1 1 1 1 1000001 1000001 
6350 1000001 1000001 1 1 1000001 1000001 
