1860 2 1760 1 1859 1 0 0 0 0 0 0 0 0
2260 2 2261 1 2159 1 0 0 0 0 0 0 0 0
4562 2 4462 1 4663 1 0 0 0 0 0 0 0 0
4205 2 4105 1 4305 1 0 0 0 0 0 0 0 0
4146 2 4147 0 4046 0 0 0 0 0 0 0 0 0
4251 2 4252 0 4350 0 0 0 0 0 0 0 0 0
4436 2 4437 0 4535 0 0 0 0 0 0 0 0 0
5224 2 5124 0 5323 0 0 0 0 0 0 0 0 0
5929 2 5830 0 6029 0 0 0 0 0 0 0 0 0
6424 2 6324 0 6523 0 0 0 0 0 0 0 0 0
1664 2 1665 1 1763 1 0 0 0 0 0 0 0 0
1665 1 1664 1 0 0 0 0 0 0 0 0 0 0
4361 2 4261 1 4462 1 0 0 0 0 0 0 0 0
4664 2 4663 1 4764 1 0 0 0 0 0 0 0 0
3830 2 3730 0 3929 0 0 0 0 0 0 0 0 0
4042 2 3942 0 4041 0 0 0 0 0 0 0 0 0
3955 2 3856 0 4056 0 0 0 0 0 0 0 0 0
5124 2 5125 0 5224 0 0 0 0 0 0 0 0 0
5026 2 4925 0 5125 0 0 0 0 0 0 0 0 0
5521 2 5422 0 5621 0 0 0 0 0 0 0 0 0
5332 2 5233 0 5432 0 0 0 0 0 0 0 0 0
5830 2 5730 0 5929 0 0 0 0 0 0 0 0 0
6523 2 6424 0 6623 0 0 0 0 0 0 0 0 0
5233 2 5132 0 5332 0 0 0 0 0 0 0 0 0
5719 2 5620 0 5819 0 0 0 0 0 0 0 0 0
6921 1 6822 0 0 0 0 0 0 0 0 0 0 0
3555 2 3554 1 3656 1 0 0 0 0 0 0 0 0
3755 2 3656 0 3856 0 0 0 0 0 0 0 0 0
3944 2 3943 0 4045 0 0 0 0 0 0 0 0 0
4506 2 4507 0 4606 0 0 0 0 0 0 0 0 0
4239 2 4240 0 4338 0 0 0 0 0 0 0 0 0
4603 2 4503 1 4602 1 0 0 0 0 0 0 0 0
4428 2 4328 0 4527 0 0 0 0 0 0 0 0 0
4147 2 4146 0 4248 0 0 0 0 0 0 0 0 0
5006 2 4906 0 5105 0 0 0 0 0 0 0 0 0
5105 2 5006 0 5205 0 0 0 0 0 0 0 0 0
4906 2 4806 0 5006 0 0 0 0 0 0 0 0 0
4248 2 4249 0 4147 0 0 0 0 0 0 0 0 0
3857 2 3756 1 3957 1 0 0 0 0 0 0 0 0
4253 2 4252 0 4353 0 0 0 0 0 0 0 0 0
4129 2 4029 0 4229 0 0 0 0 0 0 0 0 0
4338 2 4239 0 4337 0 0 0 0 0 0 0 0 0
3844 2 3744 0 3943 0 0 0 0 0 0 0 0 0
4155 2 4056 0 4154 0 0 0 0 0 0 0 0 0
4337 2 4338 0 4437 0 0 0 0 0 0 0 0 0
5631 2 5531 0 5730 0 0 0 0 0 0 0 0 0
5125 2 5026 0 5124 0 0 0 0 0 0 0 0 0
4108 2 4009 0 4209 0 0 0 0 0 0 0 0 0
4349 2 4350 0 4249 0 0 0 0 0 0 0 0 0
4154 2 4155 0 4254 0 0 0 0 0 0 0 0 0
4826 2 4726 0 4925 0 0 0 0 0 0 0 0 0
5323 2 5224 0 5322 0 0 0 0 0 0 0 0 0
6722 2 6623 0 6822 0 0 0 0 0 0 0 0 0
6413 2 6313 0 6512 0 0 0 0 0 0 0 0 0
2665 2 2564 1 2765 1 0 0 0 0 0 0 0 0
4965 1 4865 1 0 0 0 0 0 0 0 0 0 0
3907 2 3808 1 4007 1 0 0 0 0 0 0 0 0
4009 2 3909 0 4108 0 0 0 0 0 0 0 0 0
4045 2 4046 0 3944 0 0 0 0 0 0 0 0 0
4249 2 4248 0 4349 0 0 0 0 0 0 0 0 0
4159 2 4059 1 4260 1 0 0 0 0 0 0 0 0
4408 2 4308 0 4507 0 0 0 0 0 0 0 0 0
4527 2 4428 0 4628 0 0 0 0 0 0 0 0 0
4635 2 4535 0 4634 0 0 0 0 0 0 0 0 0
3856 2 3755 0 3955 0 0 0 0 0 0 0 0 0
4254 2 4154 0 4353 0 0 0 0 0 0 0 0 0
4727 2 4628 0 4726 0 0 0 0 0 0 0 0 0
5322 2 5323 0 5422 0 0 0 0 0 0 0 0 0
5621 2 5521 0 5620 0 0 0 0 0 0 0 0 0
4462 2 4361 1 4562 1 0 0 0 0 0 0 0 0
4764 2 4664 1 4865 1 0 0 0 0 0 0 0 0
3909 2 3809 0 4009 0 0 0 0 0 0 0 0 0
4105 2 4106 1 4205 1 0 0 0 0 0 0 0 0
4350 2 4251 0 4349 0 0 0 0 0 0 0 0 0
4503 2 4404 1 4603 1 0 0 0 0 0 0 0 0
4029 2 3929 0 4129 0 0 0 0 0 0 0 0 0
4733 2 4634 0 4833 0 0 0 0 0 0 0 0 0
4726 2 4727 0 4826 0 0 0 0 0 0 0 0 0
5819 2 5719 0 5818 0 0 0 0 0 0 0 0 0
5620 2 5621 0 5719 0 0 0 0 0 0 0 0 0
3656 3 3755 0 3555 1 3756 1 0 0 0 0 0 0
4056 2 3955 0 4155 0 0 0 0 0 0 0 0 0
4041 2 4042 0 4140 0 0 0 0 0 0 0 0 0
4602 2 4603 1 4701 1 0 0 0 0 0 0 0 0
6127 2 6128 0 6227 0 0 0 0 0 0 0 0 0
6213 2 6113 0 6313 0 0 0 0 0 0 0 0 0
5432 2 5332 0 5531 0 0 0 0 0 0 0 0 0
3454 2 3353 1 3554 1 0 0 0 0 0 0 0 0
3808 2 3708 1 3907 1 0 0 0 0 0 0 0 0
4535 2 4436 0 4635 0 0 0 0 0 0 0 0 0
3957 2 3958 1 3857 1 0 0 0 0 0 0 0 0
4925 2 4826 0 5026 0 0 0 0 0 0 0 0 0
6128 2 6029 0 6127 0 0 0 0 0 0 0 0 0
2865 2 2765 1 2965 1 0 0 0 0 0 0 0 0
3554 2 3555 1 3454 1 0 0 0 0 0 0 0 0
4209 2 4108 0 4308 0 0 0 0 0 0 0 0 0
4305 2 4205 1 4304 1 0 0 0 0 0 0 0 0
4308 2 4209 0 4408 0 0 0 0 0 0 0 0 0
4229 2 4129 0 4328 0 0 0 0 0 0 0 0 0
3958 2 3957 1 4059 1 0 0 0 0 0 0 0 0
4404 2 4304 1 4503 1 0 0 0 0 0 0 0 0
4634 2 4635 0 4733 0 0 0 0 0 0 0 0 0
4706 2 4606 0 4806 0 0 0 0 0 0 0 0 0
5032 2 4932 0 5132 0 0 0 0 0 0 0 0 0
6029 2 5929 0 6128 0 0 0 0 0 0 0 0 0
4260 2 4261 1 4159 1 0 0 0 0 0 0 0 0
3809 2 3709 0 3909 0 0 0 0 0 0 0 0 0
3942 2 3943 0 4042 0 0 0 0 0 0 0 0 0
5422 2 5322 0 5521 0 0 0 0 0 0 0 0 0
6313 2 6213 0 6413 0 0 0 0 0 0 0 0 0
4663 2 4664 1 4562 1 0 0 0 0 0 0 0 0
3756 2 3656 1 3857 1 0 0 0 0 0 0 0 0
4046 2 4045 0 4146 0 0 0 0 0 0 0 0 0
4700 2 4701 1 4800 1 0 0 0 0 0 0 0 0
4628 2 4527 0 4727 0 0 0 0 0 0 0 0 0
5817 2 5818 0 5916 0 0 0 0 0 0 0 0 0
6324 2 6325 0 6424 0 0 0 0 0 0 0 0 0
2261 2 2260 1 2361 1 0 0 0 0 0 0 0 0
4106 2 4007 1 4105 1 0 0 0 0 0 0 0 0
3929 2 3830 0 4029 0 0 0 0 0 0 0 0 0
4252 2 4253 0 4251 0 0 0 0 0 0 0 0 0
4240 2 4140 0 4239 0 0 0 0 0 0 0 0 0
4800 1 4700 1 0 0 0 0 0 0 0 0 0 0
4437 2 4337 0 4436 0 0 0 0 0 0 0 0 0
4328 2 4229 0 4428 0 0 0 0 0 0 0 0 0
4806 2 4706 0 4906 0 0 0 0 0 0 0 0 0
5818 2 5819 0 5817 0 0 0 0 0 0 0 0 0
5915 2 5916 0 6015 0 0 0 0 0 0 0 0 0
4701 2 4602 1 4700 1 0 0 0 0 0 0 0 0
3943 3 3944 0 3844 0 3942 0 0 0 0 0 0 0
4353 2 4254 0 4253 0 0 0 0 0 0 0 0 0
4932 2 4833 0 5032 0 0 0 0 0 0 0 0 0
5132 2 5032 0 5233 0 0 0 0 0 0 0 0 0
6226 2 6227 0 6325 0 0 0 0 0 0 0 0 0
5730 2 5631 0 5830 0 0 0 0 0 0 0 0 0
6227 2 6127 0 6226 0 0 0 0 0 0 0 0 0
2965 1 2865 1 0 0 0 0 0 0 0 0 0 0
4261 2 4260 1 4361 1 0 0 0 0 0 0 0 0
4140 2 4041 0 4240 0 0 0 0 0 0 0 0 0
4059 2 3958 1 4159 1 0 0 0 0 0 0 0 0
4507 2 4408 0 4506 0 0 0 0 0 0 0 0 0
4833 2 4733 0 4932 0 0 0 0 0 0 0 0 0
5916 2 5817 0 5915 0 0 0 0 0 0 0 0 0
5531 2 5432 0 5631 0 0 0 0 0 0 0 0 0
6325 2 6226 0 6324 0 0 0 0 0 0 0 0 0
6014 2 6015 0 6113 0 0 0 0 0 0 0 0 0
6822 2 6722 0 6921 0 0 0 0 0 0 0 0 0
6113 2 6014 0 6213 0 0 0 0 0 0 0 0 0
4007 2 3907 1 4106 1 0 0 0 0 0 0 0 0
4304 2 4305 1 4404 1 0 0 0 0 0 0 0 0
4606 2 4506 0 4706 0 0 0 0 0 0 0 0 0
6512 1 6413 0 0 0 0 0 0 0 0 0 0 0
6015 2 5915 0 6014 0 0 0 0 0 0 0 0 0
5205 1 5105 0 0 0 0 0 0 0 0 0 0 0
6623 2 6523 0 6722 0 0 0 0 0 0 0 0 0
4865 2 4764 1 4965 1 0 0 0 0 0 0 0 0
529 2 429 1 630 1 0 0 0 0 0 0 0 0
731 2 631 1 832 1 0 0 0 0 0 0 0 0
331 2 231 0 431 0 0 0 0 0 0 0 0 0
1235 2 1236 1 1134 1 0 0 0 0 0 0 0 0
318 2 219 0 418 0 0 0 0 0 0 0 0 0
726 2 725 0 827 0 0 0 0 0 0 0 0 0
1224 2 1225 0 1323 0 0 0 0 0 0 0 0 0
733 2 633 0 834 0 0 0 0 0 0 0 0 0
1323 2 1224 0 1423 0 0 0 0 0 0 0 0 0
1820 2 1720 0 1819 0 0 0 0 0 0 0 0 0
1451 2 1351 0 1550 0 0 0 0 0 0 0 0 0
1851 2 1750 1 1950 1 0 0 0 0 0 0 0 0
2125 2 2026 1 2124 1 0 0 0 0 0 0 0 0
2320 2 2321 1 2420 1 0 0 0 0 0 0 0 0
2910 2 2911 0 2909 0 0 0 0 0 0 0 0 0
3005 1 2905 0 0 0 0 0 0 0 0 0 0 0
3113 2 3014 1 3213 1 0 0 0 0 0 0 0 0
2644 2 2645 0 2743 0 0 0 0 0 0 0 0 0
2645 2 2646 0 2644 0 0 0 0 0 0 0 0 0
2748 2 2747 1 2849 1 0 0 0 0 0 0 0 0
3050 3 3149 0 3051 1 2949 1 0 0 0 0 0 0
517 2 418 0 617 0 0 0 0 0 0 0 0 0
221 2 222 0 220 0 0 0 0 0 0 0 0 0
720 2 621 0 719 0 0 0 0 0 0 0 0 0
1931 2 1932 1 1831 1 0 0 0 0 0 0 0 0
1449 2 1348 0 1549 0 0 0 0 0 0 0 0 0
1958 2 1859 1 2058 1 0 0 0 0 0 0 0 0
2715 2 2616 1 2815 1 0 0 0 0 0 0 0 0
2949 2 2849 1 3050 1 0 0 0 0 0 0 0 0
3213 2 3113 1 3212 1 0 0 0 0 0 0 0 0
3411 2 3311 1 3510 1 0 0 0 0 0 0 0 0
3708 2 3709 1 3808 1 0 0 0 0 0 0 0 0
3730 2 3630 0 3830 0 0 0 0 0 0 0 0 0
2362 2 2361 1 2463 1 0 0 0 0 0 0 0 0
130 2 129 0 231 0 0 0 0 0 0 0 0 0
839 2 739 0 938 0 0 0 0 0 0 0 0 0
1134 2 1034 1 1235 1 0 0 0 0 0 0 0 0
1036 2 935 0 1136 0 0 0 0 0 0 0 0 0
748 2 749 0 747 0 0 0 0 0 0 0 0 0
945 2 946 0 845 0 0 0 0 0 0 0 0 0
628 2 528 0 727 0 0 0 0 0 0 0 0 0
926 2 827 0 1026 0 0 0 0 0 0 0 0 0
617 2 517 0 717 0 0 0 0 0 0 0 0 0
1454 2 1353 0 1554 0 0 0 0 0 0 0 0 0
1753 2 1754 1 1752 1 0 0 0 0 0 0 0 0
2314 2 2215 0 2414 0 0 0 0 0 0 0 0 0
129 2 130 0 229 0 0 0 0 0 0 0 0 0
2134 2 2135 1 2034 1 0 0 0 0 0 0 0 0
2237 2 2238 1 2136 1 0 0 0 0 0 0 0 0
3530 2 3431 0 3630 0 0 0 0 0 0 0 0 0
3431 2 3331 0 3530 0 0 0 0 0 0 0 0 0
3746 2 3747 0 3745 0 0 0 0 0 0 0 0 0
3747 2 3648 0 3746 0 0 0 0 0 0 0 0 0
3648 2 3548 0 3747 0 0 0 0 0 0 0 0 0
223 2 224 0 222 0 0 0 0 0 0 0 0 0
227 4 228 0 226 0 126 1 327 1 0 0 0 0
528 2 429 0 628 0 0 0 0 0 0 0 0 0
621 2 622 0 720 0 0 0 0 0 0 0 0 0
1026 3 1027 0 926 0 1125 0 0 0 0 0 0 0
431 2 331 0 531 0 0 0 0 0 0 0 0 0
719 2 720 0 718 0 0 0 0 0 0 0 0 0
727 2 628 0 827 0 0 0 0 0 0 0 0 0
932 2 933 1 832 1 0 0 0 0 0 0 0 0
1351 2 1252 0 1451 0 0 0 0 0 0 0 0 0
1252 3 1151 0 1351 0 1352 0 0 0 0 0 0 0
1748 1 1749 1 0 0 0 0 0 0 0 0 0 0
1751 2 1752 1 1750 1 0 0 0 0 0 0 0 0
2117 2 2018 0 2116 0 0 0 0 0 0 0 0 0
2536 2 2437 0 2636 0 0 0 0 0 0 0 0 0
2248 2 2148 1 2347 1 0 0 0 0 0 0 0 0
2907 2 2908 0 2906 0 0 0 0 0 0 0 0 0
2815 2 2715 1 2914 1 0 0 0 0 0 0 0 0
3151 2 3051 1 3252 1 0 0 0 0 0 0 0 0
3630 2 3530 0 3730 0 0 0 0 0 0 0 0 0
2765 2 2665 1 2865 1 0 0 0 0 0 0 0 0
1050 2 949 0 1150 0 0 0 0 0 0 0 0 0
949 2 950 0 1050 0 0 0 0 0 0 0 0 0
827 3 727 0 726 0 926 0 0 0 0 0 0 0
933 2 932 1 1034 1 0 0 0 0 0 0 0 0
1352 2 1353 0 1252 0 0 0 0 0 0 0 0 0
1721 2 1622 0 1720 0 0 0 0 0 0 0 0 0
1754 3 1655 1 1753 1 1855 1 0 0 0 0 0 0
1952 3 1953 1 1853 1 1951 1 0 0 0 0 0 0
1954 3 1955 1 1855 1 1953 1 0 0 0 0 0 0
229 2 129 0 228 0 0 0 0 0 0 0 0 0
2028 2 1928 1 2027 1 0 0 0 0 0 0 0 0
2142 2 2143 1 2042 1 0 0 0 0 0 0 0 0
2240 2 2241 1 2239 1 0 0 0 0 0 0 0 0
3014 2 2914 1 3113 1 0 0 0 0 0 0 0 0
3132 2 3033 0 3232 0 0 0 0 0 0 0 0 0
3212 2 3213 1 3311 1 0 0 0 0 0 0 0 0
3510 2 3411 1 3610 1 0 0 0 0 0 0 0 0
1762 2 1763 1 1761 1 0 0 0 0 0 0 0 0
2464 2 2463 1 2564 1 0 0 0 0 0 0 0 0
1047 2 946 0 1147 0 0 0 0 0 0 0 0 0
1030 2 1031 0 1029 0 0 0 0 0 0 0 0 0
1029 2 1030 0 1128 0 0 0 0 0 0 0 0 0
418 2 318 0 517 0 0 0 0 0 0 0 0 0
220 2 221 0 119 0 0 0 0 0 0 0 0 0
1750 4 1751 1 1651 1 1749 1 1851 1 0 0 0 0
2215 2 2216 0 2314 0 0 0 0 0 0 0 0 0
2517 2 2518 1 2617 1 0 0 0 0 0 0 0 0
2034 2 2033 1 2134 1 0 0 0 0 0 0 0 0
2149 2 2050 1 2148 1 0 0 0 0 0 0 0 0
2242 2 2243 1 2241 1 0 0 0 0 0 0 0 0
2344 2 2244 1 2445 1 0 0 0 0 0 0 0 0
2617 2 2517 1 2616 1 0 0 0 0 0 0 0 0
2812 2 2813 0 2911 0 0 0 0 0 0 0 0 0
2636 2 2536 0 2735 0 0 0 0 0 0 0 0 0
2843 1 2743 0 0 0 0 0 0 0 0 0 0 0
3353 2 3352 1 3454 1 0 0 0 0 0 0 0 0
2361 2 2362 1 2261 1 0 0 0 0 0 0 0 0
850 2 851 0 749 0 0 0 0 0 0 0 0 0
224 2 225 0 223 0 0 0 0 0 0 0 0 0
1336 2 1236 1 1437 1 0 0 0 0 0 0 0 0
231 2 130 0 331 0 0 0 0 0 0 0 0 0
935 2 934 0 1036 0 0 0 0 0 0 0 0 0
1831 2 1830 1 1931 1 0 0 0 0 0 0 0 0
1550 4 1451 0 1549 0 1551 1 1651 1 0 0 0 0
1651 2 1550 1 1750 1 0 0 0 0 0 0 0 0
1859 2 1860 1 1958 1 0 0 0 0 0 0 0 0
2513 2 2414 0 2613 0 0 0 0 0 0 0 0 0
2123 2 2124 1 2223 1 0 0 0 0 0 0 0 0
2223 2 2123 1 2222 1 0 0 0 0 0 0 0 0
2437 2 2337 0 2536 0 0 0 0 0 0 0 0 0
2042 2 1941 1 2142 1 0 0 0 0 0 0 0 0
2050 2 1950 1 2149 1 0 0 0 0 0 0 0 0
2906 2 2907 0 2905 0 0 0 0 0 0 0 0 0
2810 2 2710 0 2809 0 0 0 0 0 0 0 0 0
2911 2 2812 0 2910 0 0 0 0 0 0 0 0 0
2834 2 2835 0 2933 0 0 0 0 0 0 0 0 0
2647 2 2546 1 2747 1 0 0 0 0 0 0 0 0
3232 2 3132 0 3331 0 0 0 0 0 0 0 0 0
3548 2 3449 0 3648 0 0 0 0 0 0 0 0 0
1760 2 1761 1 1860 1 0 0 0 0 0 0 0 0
851 2 850 0 950 0 0 0 0 0 0 0 0 0
228 2 229 0 227 0 0 0 0 0 0 0 0 0
946 2 945 0 1047 0 0 0 0 0 0 0 0 0
1027 2 1026 0 1127 0 0 0 0 0 0 0 0 0
219 2 119 0 318 0 0 0 0 0 0 0 0 0
739 1 839 0 0 0 0 0 0 0 0 0 0 0
1928 2 1929 1 2028 1 0 0 0 0 0 0 0 0
1538 2 1537 1 1639 1 0 0 0 0 0 0 0 0
1840 2 1841 1 1739 1 0 0 0 0 0 0 0 0
1552 3 1553 1 1551 1 1653 1 0 0 0 0 0 0
1956 2 1955 1 2057 1 0 0 0 0 0 0 0 0
2419 2 2420 1 2518 1 0 0 0 0 0 0 0 0
2420 2 2320 1 2419 1 0 0 0 0 0 0 0 0
2033 2 2034 1 1932 1 0 0 0 0 0 0 0 0
2239 2 2240 1 2238 1 0 0 0 0 0 0 0 0
2243 2 2244 1 2242 1 0 0 0 0 0 0 0 0
2710 2 2711 0 2810 0 0 0 0 0 0 0 0 0
2713 2 2714 0 2813 0 0 0 0 0 0 0 0 0
2735 2 2636 0 2835 0 0 0 0 0 0 0 0 0
2933 2 2834 0 3033 0 0 0 0 0 0 0 0 0
3349 2 3249 0 3449 0 0 0 0 0 0 0 0 0
1147 2 1047 0 1248 0 0 0 0 0 0 0 0 0
1248 2 1147 0 1348 0 0 0 0 0 0 0 0 0
1225 2 1125 0 1224 0 0 0 0 0 0 0 0 0
531 2 431 0 632 0 0 0 0 0 0 0 0 0
633 2 632 0 733 0 0 0 0 0 0 0 0 0
937 2 938 0 1037 0 0 0 0 0 0 0 0 0
327 2 328 1 227 1 0 0 0 0 0 0 0 0
1037 2 937 0 1136 0 0 0 0 0 0 0 0 0
747 2 748 0 746 0 0 0 0 0 0 0 0 0
631 2 630 1 731 1 0 0 0 0 0 0 0 0
126 2 26 1 227 1 0 0 0 0 0 0 0 0
725 2 726 0 724 0 0 0 0 0 0 0 0 0
1720 2 1721 0 1820 0 0 0 0 0 0 0 0 0
1622 2 1522 0 1721 0 0 0 0 0 0 0 0 0
1929 2 1830 1 1928 1 0 0 0 0 0 0 0 0
1830 2 1831 1 1929 1 0 0 0 0 0 0 0 0
1951 2 1952 1 1950 1 0 0 0 0 0 0 0 0
1853 2 1752 1 1952 1 0 0 0 0 0 0 0 0
1955 2 1956 1 1954 1 0 0 0 0 0 0 0 0
2216 2 2116 0 2215 0 0 0 0 0 0 0 0 0
2244 3 2143 1 2243 1 2344 1 0 0 0 0 0 0
2346 2 2347 1 2446 1 0 0 0 0 0 0 0 0
2711 2 2612 0 2710 0 0 0 0 0 0 0 0 0
2743 2 2644 0 2843 0 0 0 0 0 0 0 0 0
3449 2 3349 0 3548 0 0 0 0 0 0 0 0 0
1761 2 1762 1 1760 1 0 0 0 0 0 0 0 0
1763 2 1664 1 1762 1 0 0 0 0 0 0 0 0
717 2 718 0 617 0 0 0 0 0 0 0 0 0
222 2 223 0 221 0 0 0 0 0 0 0 0 0
1819 2 1820 0 1918 0 0 0 0 0 0 0 0 0
2116 2 2117 0 2216 0 0 0 0 0 0 0 0 0
718 2 719 0 717 0 0 0 0 0 0 0 0 0
26 1 126 1 0 0 0 0 0 0 0 0 0 0
226 2 227 0 225 0 0 0 0 0 0 0 0 0
2124 2 2125 1 2123 1 0 0 0 0 0 0 0 0
2238 3 2337 0 2239 1 2237 1 0 0 0 0 0 0
2347 2 2248 1 2346 1 0 0 0 0 0 0 0 0
2159 2 2158 1 2260 1 0 0 0 0 0 0 0 0
2905 2 2906 0 3005 0 0 0 0 0 0 0 0 0
2909 2 2910 0 2908 0 0 0 0 0 0 0 0 0
2747 2 2748 1 2647 1 0 0 0 0 0 0 0 0
2849 2 2748 1 2949 1 0 0 0 0 0 0 0 0
3745 2 3746 0 3744 0 0 0 0 0 0 0 0 0
1051 2 950 0 1150 0 0 0 0 0 0 0 0 0
724 2 725 0 723 0 0 0 0 0 0 0 0 0
1033 2 1034 0 1032 0 0 0 0 0 0 0 0 0
119 2 219 0 220 0 0 0 0 0 0 0 0 0
329 1 429 0 0 0 0 0 0 0 0 0 0 0
722 2 723 0 622 0 0 0 0 0 0 0 0 0
938 2 839 0 937 0 0 0 0 0 0 0 0 0
1031 2 1032 0 1030 0 0 0 0 0 0 0 0 0
1423 2 1323 0 1522 0 0 0 0 0 0 0 0 0
1639 2 1538 1 1739 1 0 0 0 0 0 0 0 0
1554 3 1454 1 1553 1 1655 1 0 0 0 0 0 0
1953 2 1954 1 1952 1 0 0 0 0 0 0 0 0
2135 2 2136 1 2134 1 0 0 0 0 0 0 0 0
2546 3 2646 0 2446 1 2647 1 0 0 0 0 0 0
2057 2 2058 1 1956 1 0 0 0 0 0 0 0 0
3033 2 2933 0 3132 0 0 0 0 0 0 0 0 0
3051 2 3050 1 3151 1 0 0 0 0 0 0 0 0
3252 2 3151 1 3352 1 0 0 0 0 0 0 0 0
2463 2 2464 1 2362 1 0 0 0 0 0 0 0 0
1127 2 1128 0 1027 0 0 0 0 0 0 0 0 0
1034 3 1033 0 933 1 1134 1 0 0 0 0 0 0
749 2 748 0 850 0 0 0 0 0 0 0 0 0
225 2 226 0 224 0 0 0 0 0 0 0 0 0
934 2 935 0 834 0 0 0 0 0 0 0 0 0
1353 2 1352 0 1454 0 0 0 0 0 0 0 0 0
1437 2 1336 1 1537 1 0 0 0 0 0 0 0 0
1932 2 1931 1 2033 1 0 0 0 0 0 0 0 0
1941 2 1841 1 2042 1 0 0 0 0 0 0 0 0
1950 3 1951 1 1851 1 2050 1 0 0 0 0 0 0
2518 2 2419 1 2517 1 0 0 0 0 0 0 0 0
2908 3 2909 0 2809 0 2907 0 0 0 0 0 0 0
3744 2 3745 0 3844 0 0 0 0 0 0 0 0 0
1150 3 1151 0 1051 0 1050 0 0 0 0 0 0 0
1151 2 1150 0 1252 0 0 0 0 0 0 0 0 0
1032 2 1033 0 1031 0 0 0 0 0 0 0 0 0
745 2 746 0 845 0 0 0 0 0 0 0 0 0
746 2 747 0 745 0 0 0 0 0 0 0 0 0
328 2 327 1 429 1 0 0 0 0 0 0 0 0
832 2 731 1 932 1 0 0 0 0 0 0 0 0
834 2 733 0 934 0 0 0 0 0 0 0 0 0
1553 2 1554 1 1552 1 0 0 0 0 0 0 0 0
1653 2 1552 1 1752 1 0 0 0 0 0 0 0 0
2414 2 2314 0 2513 0 0 0 0 0 0 0 0 0
2321 2 2222 1 2320 1 0 0 0 0 0 0 0 0
2612 2 2613 0 2711 0 0 0 0 0 0 0 0 0
2809 2 2810 0 2908 0 0 0 0 0 0 0 0 0
3149 2 3050 0 3249 0 0 0 0 0 0 0 0 0
3709 3 3809 0 3610 1 3708 1 0 0 0 0 0 0
3331 2 3232 0 3431 0 0 0 0 0 0 0 0 0
3249 2 3149 0 3349 0 0 0 0 0 0 0 0 0
2564 2 2464 1 2665 1 0 0 0 0 0 0 0 0
1348 2 1248 0 1449 0 0 0 0 0 0 0 0 0
632 2 633 0 531 0 0 0 0 0 0 0 0 0
1918 2 1819 0 2018 0 0 0 0 0 0 0 0 0
1522 2 1423 0 1622 0 0 0 0 0 0 0 0 0
1537 2 1538 1 1437 1 0 0 0 0 0 0 0 0
1739 2 1639 1 1840 1 0 0 0 0 0 0 0 0
1841 2 1840 1 1941 1 0 0 0 0 0 0 0 0
1551 2 1552 1 1550 1 0 0 0 0 0 0 0 0
1855 2 1754 1 1954 1 0 0 0 0 0 0 0 0
2026 2 2027 1 2125 1 0 0 0 0 0 0 0 0
2027 2 2028 1 2026 1 0 0 0 0 0 0 0 0
2222 2 2223 1 2321 1 0 0 0 0 0 0 0 0
2148 2 2149 1 2248 1 0 0 0 0 0 0 0 0
2445 2 2446 1 2344 1 0 0 0 0 0 0 0 0
2914 2 2815 1 3014 1 0 0 0 0 0 0 0 0
3311 2 3212 1 3411 1 0 0 0 0 0 0 0 0
3610 2 3510 1 3709 1 0 0 0 0 0 0 0 0
950 3 851 0 949 0 1051 0 0 0 0 0 0 0
429 4 329 0 528 0 328 1 529 1 0 0 0 0
723 2 724 0 722 0 0 0 0 0 0 0 0 0
1236 3 1136 0 1235 1 1336 1 0 0 0 0 0 0
845 2 745 0 945 0 0 0 0 0 0 0 0 0
1549 2 1550 0 1449 0 0 0 0 0 0 0 0 0
1749 2 1750 1 1748 1 0 0 0 0 0 0 0 0
1752 4 1753 1 1653 1 1751 1 1853 1 0 0 0 0
1655 2 1554 1 1754 1 0 0 0 0 0 0 0 0
2136 2 2135 1 2237 1 0 0 0 0 0 0 0 0
2143 2 2142 1 2244 1 0 0 0 0 0 0 0 0
2241 2 2242 1 2240 1 0 0 0 0 0 0 0 0
2058 3 1958 1 2057 1 2158 1 0 0 0 0 0 0
2615 2 2616 0 2714 0 0 0 0 0 0 0 0 0
3352 2 3353 1 3252 1 0 0 0 0 0 0 0 0
1125 2 1026 0 1225 0 0 0 0 0 0 0 0 0
1136 3 1037 0 1036 0 1236 0 0 0 0 0 0 0
1128 2 1029 0 1127 0 0 0 0 0 0 0 0 0
622 2 621 0 722 0 0 0 0 0 0 0 0 0
630 2 631 1 529 1 0 0 0 0 0 0 0 0
2018 2 1918 0 2117 0 0 0 0 0 0 0 0 0
2337 2 2238 0 2437 0 0 0 0 0 0 0 0 0
2446 3 2346 1 2445 1 2546 1 0 0 0 0 0 0
2158 2 2159 1 2058 1 0 0 0 0 0 0 0 0
2613 2 2513 0 2612 0 0 0 0 0 0 0 0 0
2714 2 2615 0 2713 0 0 0 0 0 0 0 0 0
2616 3 2615 0 2617 1 2715 1 0 0 0 0 0 0
2813 2 2713 0 2812 0 0 0 0 0 0 0 0 0
2835 2 2735 0 2834 0 0 0 0 0 0 0 0 0
2646 2 2546 0 2645 0 0 0 0 0 0 0 0 0
