0000 1 1000001 1000001 1000001 1000001 2 
0001 1 1000001 1000001 1 1 1 
0002 1 1000001 1000001 1 1 1 
0003 1 1000001 1000001 1 1 1 
0004 4 1000001 1000001 1 1 1 
0005 3 1000001 1000001 4 5 2 
0006 3 1000001 1000001 3 5 1 
0007 4 1000001 1000001 3 4 3 
0008 3 1000001 1000001 4 1 3 
0009 3 1000001 1000001 3 1 3 
0010 1 1000001 1000001 3 1000001 3 
0011 1 1000001 1000001 1 4 4 
0012 1 1000001 1000001 1 4 3 
0013 1 1000001 1000001 1 2 3 
0014 1 1000001 1000001 1 4 4 
0015 4 1000001 1000001 1 3 1 
0016 3 1000001 1000001 4 5 1 
0017 1 1000001 1000001 3 4 1 
0018 3 1000001 1000001 1 1 1 
0019 2 1000001 1000001 3 3 1 
0020 1 1000001 1000001 2 1 1 
0021 1 1000001 1000001 1 2 1 
0022 1 1000001 1000001 1 1 1 
0023 1 1000001 1000001 1 1 1 
0024 1 1000001 1000001 1 1 1 
0025 1 1000001 1000001 1 1 1 
0026 1 1000001 1000001 1 1 1 
0027 1 1000001 1000001 1 1 1 
0028 1 1000001 1000001 1 1 1 
0029 1 1000001 1000001 1 1 1 
0030 1 1000001 1000001 1 1 1 
0031 1 1000001 1000001 1 1 1 
0032 1 1000001 1000001 1 1 1 
0033 1 1000001 1000001 1 1 1 
0034 4 1000002 1000002 2 2 2 
0035 1 1000001 1000001 3 3 1 
0036 1 1000001 1000001 1 1 1 
0037 1 1000001 1000001 1 1 1 
0038 1 1000001 1000001 1 1 1 
0039 1 1000001 1000001 1 1 1 
0040 1 1000001 1000001 1 1 1 
0041 3 1000003 1000003 3 3 3 
0042 1 1000001 1000001 1 1 1 
0043 1 1000001 1000001 1 1 1 
0044 1 1000001 1000001 1 1 1 
0045 1 1000001 1000001 1 1 1 
0046 1 1000001 1000001 1 1 1 
0047 1 1000001 1000001 1 1 1 
0048 2 1000001 1000001 1 1 1 
0049 1 1000001 1000001 2 1 1 
0050 1 1000001 1000001 1 1 1 
0051 1 1000001 1000001 1 1 1 
0052 1 1000001 1000001 1 1 1 
0053 1 1000001 1000001 1 1 1 
0054 1 1000001 1000001 1 1 1 
0055 1 1000001 1000001 1 1 1 
0056 1 1000001 1000001 1 1 1 
0057 1 1000001 1000001 1 1 1 
0058 1 1000001 1000001 1 1 1 
0059 1 1000001 1000001 1 1 1 
0060 1 1000001 1000001 1 1 1 
0061 1 1000001 1000001 1 1 1 
0062 1 1000001 1000001 1 1 1 
0063 1 1000001 1000001 1 1 1 
0064 1 1000001 1000001 1 1 1 
0065 1000001 1000001 1000001 1 1 1 
0100 1 1 2 1000001 3 4 
0101 1 1 1 1 5 1000001 
0102 1 1 1 1 1000001 1000001 
0103 1 1 1 1 5 5 
0104 3 5 1 1 1000001 5 
0105 4 5 2 3 2 1000001 
0106 1 4 1 4 3 1000001 
0107 4 1 3 1 5 3 
0108 3 1 3 4 1000001 1000001 
0109 3 1000001 3 3 1000001 1000001 
0110 1 4 3 3 1000001 1000001 
0111 1 4 4 1 1000001 5 
0112 1 2 3 1 4 4 
0113 1 4 3 1 5 1000001 
0114 2 3 4 1 1000001 1000001 
0115 4 5 1 2 5 1000001 
0116 4 4 1 4 2 2 
0117 1 1 1 4 2 1 
0118 4 5 3 3 3 3 
0119 1 1 1 2 1 4 
0120 3 2 1 1 4 5 
0121 1 1 1 3 2 2 
0134 4 4 2 2 2 2 
0135 1 1 1 3 3 1 
0146 1 1 1 1 1 2 
0147 1 1 1 1 2 3 
0148 1 1 1 1 2 1 
0154 1 1 1 1 1 2 
0156 1 1 1 1 1 2 
0157 1 1 1 1 1 3 
0158 1 1 1 1 2 2 
0159 1 1 1 1 2 2 
0160 1 1 1 1 2 3 
0161 1 1 1 1 4 3 
0162 1 1 1 1 3 2 
0163 1 1 1 1 2 2 
0164 1 1 1 1 2 2 
0165 1000001 1000001 1 1 3 1000001 
0200 1 3 1000001 1000001 1000001 2 
0201 2 5 4 1 3 1 
0202 1 1000001 1000001 2 3 4 
0203 1 5 1000001 1 3 3 
0204 1 1000001 5 1 3 2 
0205 5 2 5 1 1 4 
0206 3 3 1000001 5 1 1 
0207 2 5 1000001 3 2 2 
0208 1 1000001 3 2 1 4 
0209 2 1000001 1000001 1 3 1 
0210 1 1000001 1000001 2 3 1 
0211 2 1000001 1000001 1 1 3 
0212 1 4 5 2 1 1 
0213 1 5 4 1 1 2 
0214 1 1000001 1000001 1 1 1 
0215 1 5 1000001 1 1 2 
0216 1 2 1000001 1 1 2 
0217 3 2 2 1 2 1 
0218 2 1 1 3 3 4 
0219 3 1 1 2 2 1 
0220 1 4 4 3 2 1 
0221 1 2 5 1 1 1 
0222 1 1 2 1 1 1 
0225 1 3 3 1 3 3 
0229 3 1 3 1 3 3 
0230 3 3 3 3 3 3 
0235 4 4 2 2 2 2 
0236 1 1 1 3 3 3 
0237 1 1 1 1 3 1 
0242 2 2 2 2 2 2 
0247 1 2 2 1 1 1 
0248 1 2 3 1 2 2 
0255 1 1 2 1 1 1 
0256 2 1 1 1 1 1 
0257 2 1 2 2 2 1 
0258 1 2 3 2 2 1 
0259 1 2 2 1 1 1 
0260 1 2 2 1 1 1 
0261 1 4 3 1 2 2 
0262 1 3 3 1 1 1 
0263 1 2 2 1 1 1 
0264 1 2 2 1 1 1 
0265 1000001 3 2 1 1 1 
0300 2 3 2 1000001 1 3 
0301 1 3 1 2 1 2 
0302 1 3 4 1 3 1000001 
0303 1 3 3 1 1000001 1000001 
0304 5 1 2 1 1000001 1000001 
0305 2 1 4 5 1 2 
0306 1 2 1 2 1 2 
0307 4 1 2 1 2 3 
0308 2 3 4 4 1000001 1000001 
0309 2 3 1 2 5 1000001 
0310 3 1 1 2 4 4 
0311 2 1 3 3 1000001 1000001 
0312 1 1 1 2 5 4 
0313 1 1 2 1 3 3 
0314 2 1 1 1 3 5 
0315 1 1 2 2 3 3 
0316 2 2 2 1 2 2 
0317 1 3 1 2 4 5 
0318 3 2 4 1 1000001 1000001 
0319 2 2 1 3 3 2 
0320 1 1 1 2 1 1 
0324 3 3 3 3 3 3 
0325 3 3 3 3 3 3 
0329 3 3 3 3 1 3 
0330 3 3 3 3 3 3 
0335 1 3 1 1 1 1 
0336 3 3 3 1 1 1 
0337 1 1 1 3 3 1 
0347 1 2 1 1 1 1 
0348 1 1 2 1 1 2 
0349 1 1 1 1 2 1 
0352 1 1 1 1 1 2 
0354 1 1 1 1 1 2 
0355 1 1 1 1 1 2 
0356 2 2 1 1 2 4 
0357 1 2 1 2 2 3 
0358 1 1 1 1 2 3 
0359 1 1 1 1 3 4 
0360 1 2 1 1 4 4 
0361 1 1 2 1 4 4 
0362 1 1 1 1 4 4 
0363 1 1 1 1 5 4 
0364 1 1 1 1 4 1000001 
0365 1000001 1000001 1 1 1000001 1000001 
0400 2 1 1000001 1000001 1000001 1 
0401 1 1 3 2 1 1 
0402 3 3 2 1 1 1 
0403 1 1000001 1000001 3 2 1 
0404 1 1000001 1000001 1 1 1 
0405 1 1 1000001 1 1 1 
0406 2 1 2 1 1 1 
0407 1 2 2 2 1 1 
0408 1 1000001 3 1 1 1 
0409 1 5 1000001 1 1 1 
0410 1 4 1000001 1 1 1 
0411 1 1000001 4 1 1 1 
0412 1 5 1000001 1 1 1 
0413 1 3 4 1 1 1 
0414 2 3 3 1 1 1 
0415 1 3 5 2 1 1 
0416 1 2 3 1 1 1 
0417 1 4 2 1 1 1 
0418 1 1000001 5 1 1 1 
0419 1 3 1000001 1 1 1 
0420 1 1 2 1 1 1 
0421 2 1 1 1 1 1 
0422 1 1 1 2 1 1 
0429 3 1 1 3 1 1 
0437 3 3 1 1 1 1 
0438 1 1 1 3 3 1 
0444 2 2 2 2 2 2 
0449 1 2 2 1 1 1 
0453 1 1 2 1 1 1 
0455 1 1 2 1 1 1 
0456 2 2 2 1 1 1 
0457 1 2 4 2 1 1 
0458 1 2 3 1 1 1 
0459 1 3 3 1 1 1 
0460 1 4 4 1 1 1 
0461 1 4 4 1 1 1 
0462 1 4 4 1 1 1 
0463 1 5 4 1 1 1 
0464 3 4 4 1 1 1 
0465 1000001 1000001 1000001 3 2 1 
0500 2 1 1 1000001 1 1 
0501 1 1 1 2 1 1 
0502 3 2 1 1 1 1 
0503 1 1 1 3 4 4 
0504 1 1 1 1 4 5 
0505 1 1 1 1 1000001 1 
0506 1 1 1 1 2 1 
0507 1 1 1 1 1 2 
0508 1 1 1 1 3 4 
0509 1 1 1 1 5 3 
0510 1 1 1 1 3 4 
0511 1 1 1 1 4 1000001 
0512 1 1 1 1 1000001 1000001 
0513 1 1 1 1 5 4 
0514 1 1 1 1 5 4 
0515 1 1 1 1 5 4 
0516 1 1 1 1 4 4 
0517 1 1 1 1 5 2 
0518 1 1 1 1 2 4 
0519 1 1 1 1 3 1 
0520 1 1 1 1 1 2 
0537 3 3 1 1 1 1 
0538 1 1 1 3 3 1 
0544 3 3 3 3 3 3 
0549 1 1 1 1 1 2 
0552 1 1 1 1 2 1 
0555 2 1 1 1 1 1 
0556 2 1 1 2 3 1 
0557 1 1 1 2 3 1 
0558 1 1 1 1 2 2 
0559 1 1 1 1 2 2 
0560 1 1 1 1 3 2 
0561 1 1 1 1 2 3 
0562 1 1 1 1 3 4 
0563 1 1 1 1 3 3 
0564 3 2 1 1 4 4 
0565 1000001 1000001 1 3 1000001 1000001 
0600 1 1 1000001 1000001 1000001 2 
0601 2 1 1 1 3 1 
0602 1 1 1 2 3 4 
0603 1 4 1 1 3 3 
0604 1 4 4 1 3 2 
0605 5 1000001 5 1 1 4 
0606 3 2 1 5 1 1 
0607 2 1 1 3 2 2 
0608 1 3 2 2 1 4 
0609 2 5 4 1 3 1 
0610 1 3 3 2 3 1 
0611 2 4 4 1 1 3 
0612 1 1000001 1000001 2 1 1 
0613 1 5 1000001 1 1 2 
0614 1 5 4 1 1 1 
0615 1 5 4 1 1 2 
0616 1 4 4 1 1 2 
0617 3 5 4 1 2 1 
0618 2 2 2 3 3 4 
0619 3 3 4 2 2 1 
0620 1 1 1 3 2 1 
0621 1 1 2 1 1 1 
0638 3 3 1 1 1 1 
0639 1 1 1 3 3 3 
0640 1 1 1 1 3 1 
0648 1 1 1 1 2 2 
0650 1 1 2 1 1 1 
0652 1 2 1 1 1 1 
0656 2 3 1 1 1 1 
0657 2 3 1 2 2 1 
0658 1 2 1 2 2 1 
0659 1 2 2 1 1 1 
0660 1 3 2 1 1 1 
0661 1 2 2 1 2 2 
0662 1 3 3 1 1 1 
0663 1 3 4 1 1 1 
0664 1 4 3 1 1 1 
0665 1000001 1000001 4 1 1 1 
0700 2 3 2 1000001 3 2 
0701 1 3 1 2 4 3 
0702 1 3 4 1 2 2 
0703 1 3 3 1 2 2 
0704 5 1 2 1 3 1 
0705 2 1 4 5 4 1 
0706 1 2 1 2 3 1 
0707 4 1 2 1 1 4 
0708 2 3 4 4 1 3 
0709 2 3 1 2 5 2 
0710 3 1 1 2 4 3 
0711 2 1 3 3 1 1 
0712 1 1 1 2 2 3 
0713 1 1 2 1 4 3 
0714 2 1 1 1 3 4 
0715 1 1 2 2 1000001 2 
0716 2 2 2 1 3 1 
0717 1 3 1 2 2 2 
0718 3 2 4 1 3 1 
0719 2 2 1 3 3 1 
0720 1 1 1 2 3 2 
0721 1 1 1 1 2 1 
0723 1 3 3 1 3 3 
0738 1 3 1 1 1 1 
0739 3 3 3 1 1 1 
0740 1 1 1 3 3 1 
0745 1 3 3 3 1 3 
0747 1 2 1 1 1 1 
0748 1 1 2 1 1 1 
0750 3 3 3 3 3 3 
0756 2 2 1 1 1 1 
0757 1 2 1 2 1 1 
0760 1 2 1 1 1 1 
0761 1 1 2 1 1 1 
0765 1000001 1000001 1 1 1 1000001 
0800 1 3 1000001 1000001 1000001 2 
0801 1 4 2 1 1 1 
0802 1 2 3 1 1 1 
0803 1 2 2 1 1 1 
0804 4 3 2 1 1 1 
0805 3 4 1 4 5 2 
0806 3 3 1 3 5 1 
0807 4 1 1 3 4 3 
0808 3 1 4 4 1 3 
0809 3 5 3 3 1 3 
0810 1 4 2 3 1000001 3 
0811 1 1 3 1 4 4 
0812 1 2 1 1 4 3 
0813 1 4 3 1 2 3 
0814 1 3 3 1 4 4 
0815 4 1000001 4 1 3 1 
0816 3 3 2 4 5 1 
0817 1 2 1 3 4 1 
0818 3 3 2 1 1 1 
0819 2 3 1 3 3 1 
0820 1 3 1 2 1 1 
0821 1 2 2 1 2 1 
0823 3 3 3 3 3 3 
0824 3 3 3 3 3 3 
0840 3 3 1 1 1 1 
0841 1 1 1 3 3 1 
0845 3 1 3 3 3 1 
0846 3 3 3 3 3 3 
0848 2 1 1 1 1 1 
0849 1 1 1 2 1 1 
0850 1 3 1 3 3 3 
0865 1000001 1 1 1 1 1 
0900 1 1 2 1000001 4 4 
0901 1 1 1 1 5 1000001 
0902 1 1 1 1 1000001 5 
0903 1 1 1 1 4 3 
0904 3 5 1 1 4 3 
0905 4 5 2 3 1 1 
0906 1 4 1 4 4 2 
0907 4 1 3 1 3 3 
0908 3 1 3 4 1 3 
0909 3 1000001 3 3 1 2 
0910 1 4 3 3 1 2 
0911 1 4 4 1 2 1 
0912 1 2 3 1 2 4 
0913 1 4 3 1 3 2 
0914 2 3 4 1 2 1 
0915 4 5 1 2 3 2 
0916 4 4 1 4 2 3 
0917 1 1 1 4 1 1 
0918 2 3 1 1 1 1 
0919 1 1 1 2 3 1 
0920 3 2 1 1 1 1 
0921 1 1 1 3 2 1 
0922 1 1 1 1 2 1 
0925 3 3 3 3 3 3 
0940 3 3 1 1 1 1 
0941 1 1 1 3 3 1 
0945 1 3 1 3 3 3 
0965 1000001 1000001 1 1 1 1000001 
1000 1 4 1000001 1000001 1000001 3 
1001 1 5 4 1 3 1 
1002 1 1000001 1000001 1 1 3 
1003 1 4 5 1 4 3 
1004 1 4 3 1 4 3 
1005 1 1 3 1 4 1 
1006 2 4 1 1 1 1 
1007 1 3 2 2 3 3 
1008 4 1 3 1 3 3 
1009 2 1 3 4 1 4 
1010 1 1 2 2 2 4 
1011 1 2 2 1 5 1 
1012 2 2 1 1 1 1 
1013 1 3 4 2 3 1 
1014 1 2 2 1 1 4 
1015 5 3 1 1 3 4 
1016 5 2 2 5 1 4 
1017 2 1 3 5 1 2 
1018 1 1 1 2 1 1 
1019 2 3 1 1 1 1 
1020 1 1 1 2 3 3 
1021 1 2 1 1 3 3 
1022 2 2 1 1 2 2 
1023 1 1 1 2 1 1 
1026 1 1 3 3 1 3 
1028 3 3 3 3 3 3 
1041 3 3 1 1 1 1 
1042 1 1 1 3 3 3 
1043 1 1 1 1 3 1 
1048 2 1 1 1 1 2 
1049 2 1 1 2 1 1 
1050 3 3 1 4 5 1 
1051 3 3 1 3 1 3 
1065 1000001 1 1 1 1 1 
1100 3 3 3 1000001 2 1 
1101 4 1 1 3 3 3 
1102 1 4 3 4 1 1 
1103 1 4 3 1 2 1 
1104 4 4 3 1 1 3 
1105 1 1 1 4 1 1 
1106 1 3 1 1 1 2 
1107 1 3 3 1 2 2 
1108 3 1 3 1 2 2 
1109 2 2 4 3 1 5 
1110 4 5 4 2 3 2 
1111 1 1 1 4 1000001 5 
1112 2 3 1 1 4 5 
1113 4 1 1 2 1000001 5 
1114 1 3 4 4 1 4 
1115 5 1 4 1 3 4 
1116 3 1 4 5 1 1 
1117 1 1 2 3 4 2 
1118 1 1 1 1 2 1 
1119 1 3 1 1 2 1 
1120 1 3 3 1 1 1 
1121 1 2 3 1 1 1 
1122 1 1 2 1 1 1 
1141 2 4 2 2 2 2 
1142 4 4 4 2 2 2 
1143 1 1 1 3 3 1 
1144 2 2 2 2 2 2 
1147 4 3 1 3 3 1 
1148 1 1 2 2 2 2 
1149 3 3 1 1 3 3 
1150 1 1 1 5 3 3 
1151 3 3 3 1 3 1 
1152 3 3 3 3 3 3 
1165 1000001 1000001 1 1 1 1000001 
1200 2 2 1000001 1000001 1000001 2 
1201 1 3 1 2 1 1 
1202 2 1 3 1 1 2 
1203 2 2 1 2 1 2 
1204 4 1 1 2 1 4 
1205 2 1 3 4 1 1 
1206 2 1 1 2 2 4 
1207 1 2 2 2 1000001 3 
1208 4 2 2 1 3 3 
1209 1000001 1 2 4 1 5 
1210 1 3 5 1000001 1 2 
1211 1 1000001 2 1 3 1 
1212 1 4 5 1 2 4 
1213 2 1000001 5 1 3 1 
1214 3 1 5 2 3 1 
1215 1 3 4 3 2 1 
1216 1 1 4 1 1 2 
1217 2 4 1 1 2 1 
1218 1 2 2 2 2 3 
1219 2 2 1 1 4 2 
1220 1 1 1 2 4 2 
1221 1 1 1 1 2 1 
1242 2 2 2 2 2 2 
1243 4 4 2 2 2 2 
1244 1 1 1 3 3 1 
1245 2 2 2 2 2 2 
1248 3 4 1 3 3 1 
1249 1 3 2 1 1 1 
1250 3 3 5 3 3 3 
1251 3 3 3 3 3 3 
1252 3 3 1 3 1 1 
1253 3 3 3 3 3 3 
1265 1000001 1 1 1 1 1 
1300 1 1 2 1000001 3 1 
1301 1 1 1 1 1 2 
1302 2 1 2 1 1 1 
1303 4 1 2 2 2 2 
1304 1 1 4 4 2 3 
1305 2 2 1 1 3 4 
1306 3 1000001 4 2 2 1 
1307 1 3 3 3 3 4 
1308 1000001 1 3 1 4 1000001 
1309 3 1 5 1000001 1 3 
1310 2 3 2 3 1 1 
1311 2 2 1 2 3 2 
1312 2 3 4 2 1 1 
1313 2 3 1 2 3 1 
1314 3 2 1 2 2 2 
1315 2 1 1 3 5 2 
1316 2 2 2 2 4 1 
1317 1 2 1 2 3 1 
1318 2 4 3 1 2 2 
1319 2 4 2 2 1 1 
1320 2 2 2 2 1 2 
1321 1 1 1 2 1 1 
1343 3 3 1 1 1 1 
1344 1 1 1 3 3 1 
1348 3 3 1 3 3 1 
1351 3 1 3 3 1 3 
1352 1 3 1 3 3 3 
1353 3 3 3 1 3 1 
1365 1000001 1000001 1 1 1 1000001 
1400 4 3 1000001 1000001 1000001 2 
1401 2 1 1 4 2 1 
1402 1 1 2 2 2 1 
1403 4 2 1 1 1 1 
1404 1 2 2 4 4 2 
1405 1 3 3 1 1 2 
1406 2 2 4 1 1 2 
1407 1 3 1 2 4 1 
1408 2 4 4 1 1 1 
1409 3 1 1000001 2 1 1 
1410 1 1 3 3 2 1 
1411 1 3 1 1 1 1 
1412 1 1 2 1 2 1 
1413 3 3 1 1 1 4 
1414 4 2 1 3 1 1 
1415 3 5 2 4 3 4 
1416 5 4 2 3 1 3 
1417 2 3 1 5 2 1 
1418 1 2 1 2 3 3 
1419 1 1 2 1 3 3 
1420 3 1 1 1 2 3 
1421 3 3 4 5 3 3 
1422 3 3 3 3 3 3 
1444 3 3 1 1 1 1 
1445 1 1 1 3 3 1 
1449 3 3 1 3 3 1 
1452 3 3 3 3 3 3 
1453 3 3 3 3 3 3 
1454 3 3 1 3 3 1 
1465 1000001 1 1 1 1 1 
1500 2 2 2 1000001 2 2 
1501 2 2 1 2 1 2 
1502 1 1 1 2 1 1 
1503 2 4 1 1 1 2 
1504 1 1 2 2 1 2 
1505 1 1 2 1 1 2 
1506 3 4 2 1 1 2 
1507 1 1 1 3 1 3 
1508 2 1 1 1 2 1 
1509 2 2 1 2 1 1 
1510 2 1 1 2 3 1 
1511 1 2 1 2 3 1 
1512 4 1 1 1 1 1 
1513 1 1 4 4 4 3 
1514 1 3 1 1 3 3 
1515 2 1 4 1 2 4 
1516 3 2 3 2 2 3 
1517 1 3 1 3 1 1 
1518 1 3 3 1 1 1 
1519 1 2 3 1 1 1 
1520 1 1 3 1 1 1 
1529 3 3 3 3 3 3 
1530 3 3 3 3 3 3 
1536 3 3 3 3 3 3 
1544 3 3 1 1 1 1 
1545 1 1 1 3 3 3 
1546 1 1 1 1 3 1 
1549 1 3 1 3 3 3 
1550 1 1 3 1 3 1 
1551 1 3 3 1 3 3 
1552 1 3 3 1 3 1 
1553 1 3 3 1 3 3 
1554 3 3 1 1 3 1 
1565 1000001 1000001 1 1 1 1000001 
1600 1 2 1000001 1000001 1000001 2 
1601 2 1 2 1 2 1 
1602 1 1 2 2 2 1 
1603 3 1 1 1 1 1 
1604 2 1 2 3 3 1 
1605 1 1 2 2 1 2 
1606 3 1 2 1 1 2 
1607 2 1 2 3 1 2 
1608 1 2 3 2 1 1 
1609 1 1 1 1 2 3 
1610 2 3 1 1 3 4 
1611 3 3 1 2 2 2 
1612 1 1 1 3 1 1 
1613 1 4 1 1 1 1 
1614 1 3 3 1 2 2 
1615 2 2 3 1 2 2 
1616 1 2 4 2 1 1 
1617 1 1 3 1 2 1 
1630 1 1 1 1 1 2 
1631 3 3 3 3 3 3 
1636 3 3 3 3 3 3 
1637 3 3 3 3 3 3 
1638 3 3 3 3 3 3 
1645 1 3 1 1 1 1 
1646 3 3 3 1 1 1 
1647 1 1 1 3 3 1 
1650 3 3 3 3 3 3 
1651 3 3 1 3 1 3 
1652 3 3 3 3 3 3 
1653 3 3 1 3 1 3 
1654 3 3 3 3 3 3 
1655 3 3 1 3 1 3 
1665 1000001 1 1 1 1 1 
1700 2 2 2 1000001 1 1 
1701 3 2 1 2 2 2 
1702 1 1 1 3 1 1 
1703 2 3 1 1 1 1 
1704 3 1 1 2 1 2 
1705 3 1 2 3 1 2 
1706 1 1 2 3 1 2 
1707 1 1 2 1 1 1 
1708 1 2 1 1 1 2 
1709 1 3 3 1 1 1 
1710 1 2 4 1 1 1 
1711 1 1 2 1 1 1 
1713 1 2 1 1 1 1 
1714 1 2 2 1 1 1 
1715 1 1 2 1 1 1 
1716 2 2 1 1 1 1 
1717 1 1 1 2 1 1 
1728 1 1 1 1 1 2 
1729 2 1 1 1 2 4 
1730 1 1 2 2 2 1 
1746 3 3 1 1 1 1 
1747 1 1 1 3 3 1 
1749 1 3 3 1 3 3 
1750 1 1 3 1 3 1 
1751 1 3 3 1 3 3 
1752 1 1 3 1 3 1 
1753 1 3 3 1 3 3 
1754 3 1 3 1 3 1 
1755 3 3 3 3 3 3 
1765 1000001 1000001 1 1 1 1000001 
1800 1 1 1000001 1000001 1000001 1 
1801 1 2 1 1 1 1 
1802 1 1 2 1 1 1 
1803 2 1 1 1 1 1 
1804 1 1 1 2 2 1 
1805 1 1 2 1 1 1 
1806 1 1 2 1 1 1 
1807 1 1 2 1 1 1 
1808 2 1 1 1 1 2 
1809 1 1 2 2 4 2 
1810 1 1 1 1 2 1 
1811 1 1 1 1 2 1 
1813 1 1 1 1 2 1 
1815 2 1 1 1 1 1 
1816 1 1 1 2 2 2 
1817 2 1 1 1 1 2 
1818 1 1 1 2 1 1 
1824 3 3 3 3 3 3 
1825 3 3 3 3 3 3 
1828 2 1 1 1 1 3 
1829 2 2 2 2 1 4 
1830 3 2 4 2 2 1 
1831 1 1 1 3 4 2 
1832 1 1 1 1 3 1 
1835 3 3 3 3 3 3 
1847 3 3 1 1 1 1 
1848 1 1 1 3 3 1 
1850 3 3 3 3 3 3 
1851 3 3 1 3 1 3 
1852 3 3 3 3 3 3 
1853 3 3 1 3 1 3 
1854 3 3 3 3 3 3 
1855 3 3 1 3 1 3 
1856 3 3 3 3 3 3 
1857 3 3 3 3 3 3 
1865 1000001 1 1 1 1 1 
1900 1 1 1 1000001 2 1 
1903 2 2 1 1 1 1 
1904 1 1 1 2 2 2 
1907 2 1 1 1 1 2 
1908 2 4 2 2 1 2 
1909 1 2 2 2 1 1 
1910 1 2 1 1 2 3 
1911 1 1 1 1 4 3 
1912 1 2 1 1 3 1 
1913 1 1 1 1 2 1 
1915 1 2 1 1 1 1 
1916 1 1 2 1 1 1 
1917 1 1 2 1 1 1 
1927 3 1 1 1 1 3 
1928 3 1 3 3 1 3 
1929 1 2 4 3 1 2 
1930 2 4 1 1 3 2 
1931 3 3 2 2 4 1 
1932 1 1 1 3 3 1 
1947 3 3 1 1 1 1 
1948 1 1 1 3 3 3 
1949 1 1 1 1 3 1 
1957 3 3 3 3 3 3 
1965 1000001 1000001 1 1 1 1000001 
2000 2 2 1000001 1000001 1000001 1 
2001 1 1 1 2 2 1 
2004 1 2 1 1 1 1 
2005 1 1 2 1 1 1 
2007 3 1 1 1 1 2 
2008 2 1 2 3 1 2 
2009 1 1 2 2 1 2 
2010 1 2 1 1 3 1 
2011 1 4 3 1 2 1 
2012 2 3 3 1 1 1 
2013 2 2 1 2 1 2 
2014 1 1 1 2 1 1 
2027 3 1 1 1 1 1 
2028 3 1 3 3 2 1 
2029 2 1 3 3 4 2 
2030 1 3 2 2 4 4 
2031 4 4 2 1 3 4 
2032 2 3 1 4 1 2 
2033 1 1 1 2 1 1 
2038 3 3 3 3 3 3 
2048 1 3 1 1 1 1 
2049 1 3 3 1 1 1 
2061 3 3 3 3 3 3 
2065 1000001 1 1 1 1 1 
2100 1 2 1 1000001 1 1 
2101 2 1 1 1 1 1 
2102 1 1 1 2 2 1 
2106 2 1 1 1 1 2 
2107 1 1 2 2 1 1 
2108 2 1 2 1 1 2 
2109 2 3 2 2 1 2 
2110 1 2 1 2 1 1 
2111 1 1 1 1 1 3 
2112 3 1 1 1 2 3 
2113 1 1 2 3 1 1 
2126 3 3 3 3 3 4 
2127 1 2 1 1 2 3 
2128 2 4 1 1 2 2 
2129 1 4 2 2 1 2 
2130 1 3 4 1 2 3 
2131 2 1 4 1 2 2 
2132 1 1 2 2 1 1 
2149 3 1 1 1 1 1 
2150 1 1 1 3 3 3 
2151 1 1 1 1 3 1 
2156 3 3 3 3 3 3 
2161 3 3 3 3 3 3 
2165 1000001 1000001 1 1 1 1000001 
2200 1 1 1000001 1000001 1000001 1 
2201 1 1 1 1 2 1 
2202 2 2 1 1 1 1 
2203 1 1 1 2 1 1 
2206 3 1 1 1 1 2 
2207 1 1 2 3 1 2 
2208 2 1 1 1 1 2 
2209 2 1 2 2 1 1 
2210 1 1 2 2 1 1 
2211 2 1 1 1 1 2 
2212 1 2 3 2 1 2 
2213 1 1 3 1 1 1 
2225 1 1 1 1 1 2 
2226 2 1 1 1 1 5 
2227 1 2 2 2 3 5 
2228 1 2 3 1 4 4 
2229 2 1 2 1 4 1 
2230 1 2 2 2 3 1 
2231 1 2 3 1 1 1 
2232 1 1 2 1 1 1 
2238 1 3 3 1 1 3 
2250 1 3 1 1 1 1 
2251 3 3 3 1 1 1 
2252 1 1 1 3 3 1 
2265 1000001 1 1 1 1 1 
2300 1 2 1 1000001 1 1 
2305 2 1 1 1 1 1 
2306 1 1 2 2 2 1 
2307 1 1 2 1 1 1 
2308 1 1 2 1 1 1 
2310 1 1 1 1 1 2 
2311 2 1 2 1 1 2 
2312 1 1 2 2 1 1 
2324 1 1 1 1 1 2 
2325 6 3 4 3 3 4 
2326 2 3 5 4 2 2 
2327 1 4 5 2 1 2 
2328 3 4 4 1 2 4 
2329 4 3 1 3 1 1 
2330 1 1 1 4 3 1 
2338 3 3 3 3 3 3 
2351 3 3 1 1 1 1 
2352 2 2 2 4 4 2 
2358 3 3 3 3 3 3 
2359 3 3 3 3 3 3 
2365 1000001 1000001 1 1 1 1000001 
2400 1 1 1000001 1000001 1000001 1 
2406 1 2 1 1 1 1 
2407 1 1 1 1 2 2 
2408 1 1 1 1 2 2 
2410 2 1 1 1 2 2 
2411 1 1 2 2 1 1 
2412 1 1 2 1 1 1 
2424 2 1 1 1 1 3 
2425 1 1 2 2 1 4 
2426 4 2 2 1 3 4 
2427 2 1 2 4 1 2 
2428 2 2 2 2 1 3 
2429 1 1 4 2 1 2 
2430 2 3 1 1 2 1 
2431 1 1 1 2 1 1 
2452 3 3 1 1 1 1 
2453 2 2 2 4 4 2 
2458 3 3 3 3 3 3 
2459 3 3 3 3 3 3 
2465 1000001 1 1 1 1 1 
2500 1 1 1 1000001 1 1 
2506 1 2 1 1 1 1 
2507 1 2 2 1 1 1 
2508 1 1 2 1 1 1 
2509 1 2 1 1 1 1 
2510 1 1 2 1 1 1 
2521 1 1 1 1 1 2 
2522 1 1 1 1 2 1 
2523 2 1 1 1 1 4 
2524 3 1 3 2 2 2 
2525 1 3 4 3 1 2 
2526 2 1 4 1 3 3 
2527 3 1 2 2 1 3 
2528 1 1 3 3 1 1 
2529 1 2 2 1 1 1 
2530 2 1 1 1 2 2 
2531 1 1 1 2 1 1 
2534 3 3 3 3 3 3 
2535 3 3 3 3 3 3 
2537 1 1 1 1 1 3 
2538 1 1 1 1 3 1 
2548 3 3 3 3 3 3 
2552 3 3 1 1 1 1 
2553 1 1 1 3 3 1 
2565 1000001 1000001 1 1 1 1000001 
2600 1 1 1000001 1000001 1000001 1 
2621 2 1 1 1 1 2 
2622 1 2 2 2 1 2 
2623 4 1 1 1 3 3 
2624 1 2 4 4 1 2 
2625 1 1 2 1 2 3 
2626 1 3 2 1 2 3 
2627 2 1 3 1 3 3 
2628 1 1 3 2 1 1 
2630 1 2 1 1 1 1 
2631 1 1 2 1 1 1 
2634 3 3 3 3 3 3 
2637 3 1 1 1 1 3 
2638 3 3 3 3 1 1 
2639 1 1 1 3 4 1 
2653 3 3 1 1 1 1 
2654 1 1 1 3 3 1 
2660 3 3 3 3 3 3 
2661 3 3 3 3 3 3 
2663 3 3 3 3 3 3 
2665 1000001 1 1 1 1 1 
2700 1 1 1 1000001 1 1 
2718 1 1 1 1 1 2 
2720 2 1 1 1 1 1 
2721 2 1 2 2 2 1 
2722 1 3 2 2 3 1 
2723 1 1 3 1 1 2 
2724 1 2 2 1 3 1 
2725 1 2 3 1 2 1 
2726 1 3 3 1 1 1 
2727 1 1 3 1 1 1 
2736 3 1 1 1 1 1 
2737 1 1 3 3 2 4 
2738 4 4 1 1 3 1 
2739 1 1 1 4 3 1 
2753 3 3 1 1 1 1 
2754 1 1 1 3 3 1 
2760 3 3 3 3 3 3 
2761 3 3 3 3 3 3 
2763 3 3 3 3 3 3 
2765 1000001 1000001 1 1 1 1000001 
2800 1 1 1000001 1000001 1000001 1 
2817 1 1 1 1 1 2 
2818 1 1 1 1 2 2 
2819 1 1 2 1 1 2 
2820 1 1 1 1 3 2 
2821 1 2 1 1 3 3 
2822 2 3 1 1 2 3 
2823 3 1 1 2 1 2 
2824 2 3 2 3 1 1 
2825 2 2 1 2 3 1 
2826 1 1 1 2 3 2 
2827 1 1 1 1 3 1 
2835 1 1 1 1 1 2 
2836 1 1 1 1 2 1 
2837 1000001 2 1 1 1 3 
2838 4 3 4 1000001 3 1 
2839 3 3 1 4 5 1 
2840 1 1 1 3 4 1 
2842 3 3 3 3 3 3 
2854 3 3 1 1 1 1 
2855 1 1 1 3 3 1 
2857 3 3 3 3 3 3 
2859 3 3 3 3 3 3 
2860 3 3 3 3 3 3 
2862 3 3 3 3 3 3 
2864 3 3 3 3 3 3 
2865 1000003 1 3 3 3 1 
2900 1 1 1 1000001 1 1 
2915 1 1 1 1 1 2 
2916 2 1 1 1 2 2 
2917 1 2 2 2 1 2 
2918 1 1 2 1 2 3 
2919 1 3 2 1 2 1 
2920 1 3 2 1 2 2 
2921 1 2 3 1 2 1 
2922 1 1 3 1 1 1 
2923 2 1 2 1 2 2 
2924 2 3 1 2 4 1 
2925 1 3 1 2 1 2 
2926 3 3 2 1 3 1 
2927 1 1 1 3 4 1 
2933 1 1 1 1 1 3 
2934 1 1 1 1 2 3 
2935 1 2 2 1 2 1 
2936 3 1 1 1 1 2 
2937 4 3 3 3 1 4 
2938 4 5 1 4 1 1 
2939 4 4 1 4 3 2 
2940 1 1 1 4 2 1 
2954 3 3 1 1 1 1 
2955 1 1 1 3 3 1 
2959 3 3 3 3 3 3 
2964 3 3 3 3 3 3 
2965 1000003 1000003 1 3 3 1000003 
3000 1 1 1000001 1000001 1000001 2 
3001 1 1 1 1 2 1 
3004 3 3 3 3 3 3 
3005 1 1 1 1 1 2 
3006 1 1 1 1 2 2 
3007 1 1 1 1 2 1 
3015 2 1 1 1 1 1 
3016 1 2 2 2 2 1 
3017 2 1 2 1 1 1 
3018 1 2 2 2 1 1 
3019 1 2 3 1 1 3 
3020 1 2 1 1 2 3 
3021 1 2 2 1 3 3 
3022 1 1 1 1 2 1 
3023 1 2 1 1 1 1 
3024 3 4 2 1 1 1 
3025 1 1 1 3 3 3 
3026 2 3 2 1 4 4 
3027 3 4 1 2 2 3 
3028 1 1 1 3 1 1 
3033 3 1 1 1 1 1 
3034 1 2 3 3 2 2 
3035 2 2 3 1 3 1 
3036 1 1 1 2 2 3 
3037 5 1 2 1 2 4 
3038 1 1 4 5 1 3 
3039 5 3 1 1 4 1 
3040 2 2 2 5 5 1 
3041 1 1 1 2 2 1 
3053 3 3 3 3 3 3 
3055 3 3 1 1 1 1 
3056 1 1 1 3 3 1 
3065 1000001 1 1 1 1 1 
3100 2 2 2 1000001 1 1 
3101 1 1 1 2 2 1 
3103 3 3 3 3 4 3 
3105 1 2 2 1 1 1 
3106 1 2 2 1 1 1 
3114 1 1 1 1 1 2 
3115 2 2 1 1 2 1 
3116 1 1 1 2 1 1 
3117 2 1 1 1 2 1 
3118 3 1 1 2 1 2 
3119 1 2 3 3 1 1 
3120 1 3 3 1 1 1 
3121 1 2 3 1 1 1 
3122 1 1 1 1 2 1 
3124 1 3 1 1 2 2 
3125 1 4 3 1 2 2 
3126 1 2 4 1 2 2 
3127 1 1 3 1 1 1 
3133 1 2 1 1 1 1 
3134 3 3 2 1 1 1 
3135 1 2 1 3 2 2 
3136 2 2 3 1 1 4 
3137 4 1 4 2 2 3 
3138 4 4 3 4 1 4 
3139 5 5 1 4 1 5 
3140 2 2 1 5 1 2 
3141 1 1 1 2 1 1 
3152 3 3 3 3 3 3 
3153 3 3 3 3 3 3 
3155 3 3 1 1 1 1 
3156 1 1 1 3 3 3 
3157 1 1 1 1 3 1 
3165 1000001 1000001 1 1 1 1000001 
3200 1 1 1000001 1000001 1000001 3 
3201 1 2 1 1 2 2 
3202 1 1 1 1 3 1 
3203 1 2 1 1 1 1 
3204 3 3 3 3 4 3 
3214 2 1 1 1 1 1 
3215 1 2 2 2 1 1 
3216 1 1 1 1 1 2 
3217 3 2 1 1 2 3 
3218 1 1 1 3 1 1 
3219 1 1 2 1 1 1 
3222 1 2 1 1 2 1 
3224 1 2 1 1 1 1 
3225 1 2 2 1 1 1 
3226 1 2 2 1 1 1 
3227 1 1 2 1 1 1 
3234 1 1 1 1 1 2 
3235 4 2 1 1 1 3 
3236 3 1 2 4 1 4 
3237 1 2 4 3 1 2 
3238 3 1 3 1 3 1000001 
3239 5 1 4 3 3 5 
3240 2 1 5 5 1 1 
3241 1 1 2 2 2 2 
3242 1 1 1 1 2 1 
3244 1 1 1 1 1 2 
3245 1 1 1 1 2 1 
3254 3 3 3 3 3 3 
3256 1 3 1 1 1 1 
3257 3 3 3 1 1 1 
3258 1 1 1 3 3 1 
3265 1000001 1 1 1 1 1 
3300 1 2 3 1000001 1 1 
3301 2 3 2 1 1 1 
3302 1 1 1 2 2 1 
3303 1 2 1 1 1 1 
3316 1 2 2 1 2 1 
3317 1 1 3 1 1 1 
3318 1 1 1 1 2 1 
3319 1 1 1 1 2 1 
3320 1 1 1 1 1 3 
3321 1 2 1 1 3 2 
3322 1 1 1 1 3 1 
3323 1 1 1 1 2 1 
3331 1 1 1 1 1 2 
3332 1 1 1 1 2 1 
3333 2 1 1 1 1 1 
3334 2 1 2 2 1 3 
3335 5 1 3 2 1 4 
3336 3 1 4 5 1 2 
3337 3 3 2 3 1 2 
3338 2 3 1000001 3 1 1 
3339 1 1 5 2 2 1 
3340 1 2 1 1 1 1 
3341 1 2 2 1 1 1 
3342 1 1 1 1 2 1 
3344 1 2 2 1 1 1 
3354 3 3 3 3 3 3 
3357 3 3 1 1 1 1 
3358 1 1 1 3 3 1 
3365 1000001 1000001 1 1 1 1000001 
3400 1 1 1000001 1000001 1000001 1 
3401 1 1 1 1 1 2 
3402 2 2 1 1 2 1 
3403 1 1 1 2 2 1 
3413 1 1 1 1 1 2 
3415 1 1 1 1 1 2 
3416 3 2 1 1 2 3 
3417 1 1 1 3 1 1 
3418 1 2 1 1 1 3 
3419 1 2 1 1 2 2 
3420 2 1 1 1 1 1 
3421 1 3 3 2 3 3 
3422 2 3 2 1 2 2 
3423 1 2 1 2 1 1 
3431 2 1 1 1 1 5 
3432 2 2 2 2 3 1 
3433 1 1 1 2 3 1 
3434 4 1 1 1 1 1 
3435 3 1 3 4 4 3 
3436 1 1 4 3 1000001 3 
3437 3 1 2 1 2 4 
3438 1 1 2 3 1 3 
3439 1 2 1 1 2 3 
3440 1 1 1 1 2 1 
3442 1 2 1 1 1 2 
3447 3 3 3 3 3 3 
3449 3 1 3 3 1 3 
3458 3 3 1 1 1 1 
3459 1 1 1 3 3 1 
3465 1000001 1 1 1 1 1 
3500 1 1 1 1000001 2 1 
3501 2 2 2 1 2 1 
3502 1 2 1 2 2 1 
3503 2 1 1 1 1 1 
3504 1 1 1 2 1 1 
3513 1 1 2 1 1 2 
3514 1 1 1 1 2 1 
3515 1 2 2 1 1 2 
3516 1 1 3 1 1 2 
3517 3 1 1 1 1 1 
3518 1 2 3 3 2 1 
3519 1 1 2 1 1 1 
3520 1 3 1 1 1 1 
3521 1 2 3 1 1 1 
3522 1 1 2 1 1 1 
3530 5 1 1 1 1 3 
3531 2 3 5 5 2 1 
3532 3 3 1 2 2 2 
3533 1 1 1 3 1 1 
3534 1 4 1 1 1 2 
3535 3 1000001 3 1 1 2 
3536 2 2 3 3 1 3 
3537 2 1 4 2 1 1 
3538 1 2 3 2 2 1 
3539 1 2 3 1 2 1 
3542 1 1 2 1 1 1 
3558 3 3 1 1 1 1 
3559 1 1 1 3 3 1 
3565 1000001 1000001 1 1 1 1000001 
3600 1 2 1000001 1000001 1000001 1 
3601 2 2 1 1 1 1 
3602 1 2 1 2 1 1 
3603 1 1 1 1 2 1 
3613 3 1 1 1 1 1 
3614 1 2 2 3 2 1 
3615 2 1 1 1 2 3 
3616 1 1 2 2 1 1 
3617 2 1 2 1 1 2 
3618 1 2 1 2 1 1 
3619 2 1 1 1 1 1 
3620 1 1 1 2 1 1 
3630 3 1 1 1 1 2 
3631 2 2 3 3 1 4 
3632 4 2 1 2 2 1 
3633 1 1 2 4 3 1 
3634 2 1 1 1 1 3 
3635 1 1 2 2 1 1 
3636 2 1 2 1 1 2 
3637 1 1 3 2 1 1 
3638 1 2 1 1 2 2 
3639 1 2 1 1 1 1 
3659 3 3 1 1 1 1 
3660 1 1 1 3 3 1 
3665 1000001 1 1 1 1 1 
3700 1 1 1 1000001 1 1 
3701 2 1 1 1 1 1 
3702 2 2 1 2 2 1 
3703 2 1 1 2 2 2 
3704 1 1 1 2 1 1 
3712 1 1 1 1 1 2 
3713 3 2 1 1 1 3 
3714 1 2 1 3 1 1 
3715 1 1 3 1 1 2 
3716 1 1 1 1 1 3 
3717 1 1 2 1 2 2 
3718 2 1 1 1 2 3 
3719 1 1 1 2 1 1 
3722 1 1 1 1 2 2 
3723 1 1 1 1 2 2 
3724 1 1 1 1 2 2 
3729 2 1 1 1 1 1 
3730 5 1 2 2 1 1 
3731 3 2 4 5 4 1 
3732 3 3 1 3 4 1 
3733 3 1 1 3 3 3 
3734 1 1 3 3 1 2 
3735 1 1 1 1 3 1 
3736 1 1 2 1 2 1 
3737 1 2 1 1 1 1 
3738 1 1 2 1 1 1 
3757 3 3 3 3 3 3 
3759 5 5 3 3 3 3 
3760 1 1 1 3 3 1 
3765 1000001 1000001 1 1 1 1000001 
3800 1 1 1000001 1000001 1000001 1 
3801 1 1 1 1 2 1 
3802 2 2 1 1 1 1 
3803 1 2 1 2 1 1 
3804 1 1 2 1 1 1 
3812 2 1 1 1 1 1 
3813 2 1 2 2 1 1 
3814 1 1 3 2 2 1 
3816 2 1 2 1 1 2 
3817 1 2 3 2 1 1 
3818 1 2 2 1 1 1 
3819 1 1 3 1 1 1 
3821 1 1 1 1 1 2 
3822 1 2 1 1 1 2 
3823 1 2 2 1 2 2 
3824 1 2 2 1 2 1 
3825 1 1 2 1 1 1 
3830 2 1 1 1 1 1 
3831 5 4 1 2 2 1 
3832 4 4 1 5 4 1 
3833 1 3 1 4 3 2 
3834 2 1 3 1 2 2 
3835 2 3 2 2 1 1 
3836 2 2 1 2 3 3 
3837 1 1 1 2 5 3 
3838 1 1 1 1 4 2 
3839 1 1 1 1 3 1 
3841 3 3 3 3 3 3 
3842 3 3 3 3 3 3 
3860 5 5 3 3 3 3 
3861 1 1 1 3 3 1 
3865 1000001 1 1 1 1 1 
3900 2 2 1 1000001 1 1 
3901 2 1 1 2 2 2 
3902 1 1 1 2 1 1 
3913 2 2 1 1 1 1 
3914 1 1 1 2 1 1 
3915 2 1 1 1 2 1 
3916 1 1 2 2 1 1 
3918 1 1 1 1 1 2 
3919 1 1 1 1 2 3 
3920 1 1 1 1 3 3 
3921 1 1 2 1 2 2 
3922 1 2 2 1 1 1 
3923 1 2 2 1 1 2 
3924 2 1 1 1 1 2 
3925 1 1 1 2 1 1 
3930 3 2 1 1 1 1 
3931 3 4 1 3 2 1 
3932 1 3 1 3 3 3 
3933 1 2 2 1 2 3 
3934 1 1 2 1 3 3 
3935 1 3 1 1 4 3 
3936 2 5 3 1 3 4 
3937 2 4 3 2 2 3 
3938 2 3 2 2 1 2 
3939 1 1 1 2 1 1 
3941 3 3 3 3 3 3 
3942 1 3 3 3 1 3 
3960 3 3 1 1 1 1 
3961 1 1 1 3 3 3 
3962 1 1 1 1 3 1 
3965 1000001 1000001 1 1 1 1000001 
4000 1 1 1000001 1000001 1000001 1 
4001 1 2 1 1 1 1 
4002 1 1 2 1 1 1 
4013 2 1 1 1 1 1 
4014 2 1 1 2 1 1 
4015 3 2 1 2 1 2 
4016 1 1 1 3 1 1 
4017 1 1 1 1 1 2 
4018 1 1 1 1 1 4 
4019 1 2 2 1 3 4 
4020 1 3 3 1 3 3 
4021 1 2 3 1 3 1 
4022 2 1 2 1 1 1 
4023 1 1 1 2 3 2 
4024 1 1 2 1 3 1 
4025 1 1 2 1 2 1 
4031 2 2 1 1 1 1 
4032 1 3 1 2 2 1 
4033 1 2 3 1 1 1 
4034 1 3 3 1 1 1 
4035 1 4 3 1 1 1 
4036 1 3 3 1 2 3 
4037 1 2 4 1 2 2 
4038 1 1 3 1 1 1 
4039 1 1 2 1 1 1 
4042 3 1 3 1 3 3 
4054 1 1 1 1 1 2 
4055 1 1 1 1 2 1 
4061 3 5 3 3 3 3 
4062 3 3 3 1 1 1 
4063 1 1 1 3 3 1 
4065 1000001 1 1 1 1 1 
4100 1 1 1 1000001 1 1 
4113 2 1 1 1 1 1 
4114 1 1 1 2 1 1 
4115 1 1 2 1 1 1 
4116 1 1 1 1 1 3 
4117 3 1 2 1 2 4 
4118 1 3 4 3 1 3 
4119 1 3 4 1 2 1 
4120 2 3 3 1 1 1 
4121 1 1 1 2 2 2 
4122 1 3 1 1 2 2 
4123 2 3 2 1 1 2 
4124 2 2 1 2 1 1 
4125 1 1 1 2 1 1 
4131 2 2 1 1 1 1 
4132 1 1 1 2 1 1 
4133 2 1 1 1 1 1 
4134 1 1 1 2 1 1 
4135 1 2 1 1 1 1 
4136 1 2 3 1 1 1 
4137 1 1 2 1 1 1 
4148 1 1 1 1 2 1 
4149 1 1 1 1 1 2 
4151 1 1 1 1 2 1 
4152 1 1 1 1 1 3 
4153 1 1 1 1 2 1 
4154 2 2 2 1 1 3 
4155 3 1 3 2 7 5 
4156 1 1 1 1 3 3 
4157 1 1 1 1 3 3 
4158 1 1 1 1 3 2 
4159 1 1 1 1 3 2 
4160 1 1 1 1 2 1 
4161 3 3 3 3 3 3 
4162 3 3 1 1 1 1 
4163 1 1 1 3 3 1 
4165 1000001 1000001 1 1 1 1000001 
4200 1 1 1000001 1000001 1000001 1 
4208 3 3 3 3 3 3 
4211 1 1 1 1 1 2 
4213 2 1 1 1 1 2 
4214 1 1 1 2 1 3 
4215 1 1 1 1 3 1 
4216 2 1 1 1 1 3 
4217 2 2 3 2 1 1 
4218 2 1 4 2 1 2 
4219 3 2 3 2 4 4 
4220 1 1 1 3 1 4 
4221 4 2 1 1 5 4 
4222 1 2 2 4 1 1 
4223 1 1 2 1 1 1 
4224 1 1 2 1 1 2 
4231 1 1 1 1 1 2 
4243 1 1 1 1 1 2 
4244 1 1 1 1 2 1 
4247 1 1 1 1 1 2 
4248 1 2 1 1 2 1 
4250 1 1 2 1 1 3 
4251 1 2 1 1 3 1 
4252 2 1 1 1 2 4 
4253 1 2 3 2 2 5 
4254 3 1 1 1 1000001 4 
4255 4 7 5 5 3 6 
4256 3 5 5 4 1000003 6 
4257 1 3 3 1 4 5 
4258 1 3 3 1 5 4 
4259 1 3 2 1 5 4 
4260 1 2 2 1 5 2 
4261 1 1 1 1 3 1 
4263 3 3 1 1 1 1 
4264 1 1 1 3 3 1 
4265 1000001 1 1 1 1 1 
4300 1 1 1 1000001 1 1 
4308 3 1 3 3 1 3 
4310 1 1 1 1 1 2 
4311 1 1 2 1 1 1 
4312 1 1 1 1 2 1 
4313 3 1 2 1 1 3 
4314 2 3 3 3 1 1 
4315 2 1 1 2 3 1 
4316 1 1 3 2 1 2 
4317 1 1 1 1 2 3 
4318 1 4 2 1 2 3 
4319 3 1 4 1 3 3 
4320 1 5 4 3 1 1 
4321 1 1 4 1 2 2 
4323 2 1 1 1 1 1 
4324 1 1 2 2 2 1 
4330 2 1 1 1 1 1 
4331 1 1 2 2 1 1 
4343 1 2 2 1 1 3 
4344 1 1 1 1 4 1 
4345 1 1 1 1 2 1 
4346 3 1 1 1 1 1 
4347 2 2 2 3 2 1 
4348 1 1 1 2 3 1 
4349 4 1 1 1 2 3 
4350 2 3 3 4 1 2 
4351 2 2 1 2 4 1 
4352 3 2 4 2 1 2 
4353 2 1000001 5 3 1 1 
4354 3 1 4 2 3 5 
4355 2 1000001 4 3 2 3 
4356 1 4 4 2 5 3 
4357 1 5 5 1 2 1 
4358 1 5 4 1 1 3 
4359 3 5 4 1 2 4 
4360 3 3 2 3 1 3 
4361 1 1 1 3 1 1 
4363 3 3 1 1 1 1 
4364 1 1 1 3 3 1 
4365 1000001 1000001 1 1 1 1000001 
4400 1 1 1000001 1000001 1000001 1 
4410 2 1 1 1 1 2 
4411 1 1 2 2 1 2 
4412 1 2 1 1 2 1 
4413 3 1 1 1 1 3 
4414 1 1 3 3 1 2 
4415 2 3 1 1 1 1 
4416 1 1 1 2 1 1 
4417 1 2 2 1 1 2 
4418 1 2 3 1 1 1 
4419 1 3 3 1 1 1 
4420 1 1 3 1 1 1 
4421 1 2 1 1 1 1 
4422 1 1 2 1 1 1 
4424 2 2 1 1 1 2 
4425 1 1 1 2 1 1 
4440 1 1 1 1 1 2 
4441 1 1 1 1 2 1 
4443 3 1 1 1 1 2 
4444 3 4 3 3 1 1 
4445 1 2 1 3 3 1 
4447 3 2 1 1 1 2 
4448 2 3 1 3 1 2 
4449 1 2 1 2 4 1 
4450 3 1 3 1 1 2 
4451 3 4 2 3 1 1 
4452 3 1 1 3 2 1 
4453 2 1 2 3 2 1 
4454 2 3 1 2 3 1 
4455 1 2 5 2 2 1 
4456 2 5 3 1 1 3 
4457 3 2 3 2 1 5 
4458 3 1 1 3 2 4 
4459 2 2 3 3 1 3 
4460 2 1 4 2 1 2 
4461 1 1 3 2 1 1 
4463 3 3 3 3 3 3 
4464 5 5 3 3 3 3 
4465 1000001 1 1 3 3 1 
4500 1 1 1 1000001 1 1 
4509 2 1 1 1 1 1 
4510 2 1 2 2 1 1 
4511 2 2 2 2 2 1 
4512 2 1 1 2 1 1 
4513 2 1 3 2 1 1 
4514 2 1 2 2 3 3 
4515 2 1 1 2 1 1 
4516 2 1 1 2 2 1 
4517 1 1 2 2 1 1 
4519 1 1 1 1 2 1 
4524 1 1 2 1 1 1 
4539 1 1 1 1 1 3 
4540 2 2 2 1 2 1 
4541 1 1 1 2 1 1 
4542 2 1 1 1 1 1 
4543 1 1 2 2 1 1 
4544 4 3 1 1 1 1 
4545 1 1 1 4 3 1 
4547 3 1 2 1 1 2 
4548 3 4 2 3 1 2 
4549 2 1 1 3 5 1 
4550 1 1 2 2 1 2 
4551 1 2 1 1 2 1 
4552 1 2 1 1 1 3 
4553 3 3 1 1 2 4 
4554 3 2 1 3 1 3 
4555 3 1 1 3 1 3 
4556 4 1 3 3 1 2 
4557 2 2 5 4 2 1 
4558 2 1 4 2 2 1 
4559 1 1 3 2 3 1 
4560 1 1 2 1 1 2 
4561 1 1 1 1 2 1 
4563 3 3 3 3 3 3 
4564 3 3 1 1 1 1 
4565 1000001 1000001 1 3 3 1000001 
4600 1 1 1000001 1000001 1000001 1 
4611 1 2 1 1 1 1 
4612 1 1 1 1 2 2 
4613 1 1 1 1 2 2 
4614 1 3 1 1 2 2 
4615 1 1 3 1 2 2 
4616 3 2 1 1 3 1 
4617 1 1 1 3 2 1 
4618 1 1 1 1 2 1 
4619 1 2 1 1 1 1 
4639 3 1 1 1 1 1 
4640 3 2 3 3 3 1 
4641 1 1 1 3 2 1 
4645 2 3 1 1 1 1 
4646 1 1 1 2 1 1 
4647 2 1 1 1 1 1 
4648 3 1 2 2 1 1 
4649 4 5 2 3 2 1 
4650 3 1 1 4 3 3 
4651 2 2 2 3 1 2 
4652 2 1 1 2 4 3 
4653 2 2 3 2 1 3 
4654 2 1 4 2 1 4 
4655 3 1 3 2 2 1 
4656 2 1 3 3 4 2 
4657 2 2 2 2 4 2 
4658 1 2 1 2 4 2 
4659 3 3 1 1 3 1 
4660 1 1 1 3 2 1 
4661 1 2 2 1 1 1 
4663 1 1 1 1 1 2 
4664 1 1 1 1 2 1 
4665 1000001 3 1 1 1 1 
4700 1 1 1 1000001 1 1 
4709 1 1 1 1 1 2 
4711 1 2 1 1 1 1 
4712 1 2 2 1 1 1 
4713 1 2 2 1 1 1 
4714 1 2 2 1 1 1 
4715 2 3 2 1 1 1 
4716 1 2 1 2 2 3 
4717 2 2 1 1 2 2 
4718 1 1 1 2 1 1 
4739 2 3 1 1 1 1 
4740 1 2 1 2 1 1 
4741 1 1 1 1 2 2 
4742 1 1 1 1 2 1 
4743 1 1 1 1 1 2 
4744 1 1 1 1 1 3 
4745 1 1 1 1 4 4 
4746 1 1 1 1 4 3 
4747 2 1 1 1 2 2 
4748 1 2 1 2 1 2 
4749 1 3 1 1 1 2 
4750 2 1 3 1 2 4 
4751 1 4 2 2 2 1 
4752 2 1 3 1 2 2 
4753 3 1 3 2 1 2 
4754 1 2 4 3 1 2 
4755 2 4 1 1 3 1 
4756 2 4 2 2 2 1 
4757 2 4 2 2 1 3 
4758 4 3 2 2 1 3 
4759 1 2 1 4 1 1 
4762 1 1 1 1 1 2 
4763 2 2 2 1 1 1 
4764 1 1 1 2 2 1 
4765 1000001 1000001 1 1 1 1000001 
4800 1 1 1000001 1000001 1000001 1 
4809 2 1 1 1 1 2 
4810 1 1 2 2 1 1 
4811 1 1 1 1 2 1 
4812 2 1 1 1 1 1 
4813 1 1 1 2 1 1 
4816 1 2 1 1 2 2 
4817 1 2 3 1 1 1 
4818 1 1 2 1 1 1 
4835 1 1 1 1 1 2 
4836 1 1 1 1 1 2 
4837 1 1 1 1 2 1 
4838 1 1 1 1 2 3 
4839 1 1 1 1 2 1 
4840 2 1 1 1 1 3 
4841 1 2 1 2 1 3 
4842 1 2 2 1 3 2 
4843 1 1 1 1 3 1 
4844 2 1 2 1 1 1 
4845 1 4 3 2 1 2 
4846 1 4 4 1 2 3 
4847 1 2 3 1 4 3 
4848 2 1 2 1 3 3 
4849 1 1 2 2 1 3 
4850 2 2 2 1 2 4 
4851 1 2 4 2 2 2 
4852 1 2 1 1 3 2 
4853 2 1 2 1 2 3 
4854 3 1 2 2 1 1 
4855 3 3 2 3 3 4 
4856 3 2 1 3 1 4 
4857 4 1 1 3 1 4 
4858 2 1 3 4 1 2 
4859 1 1 3 2 1 1 
4862 2 1 1 1 1 1 
4863 1 1 2 2 1 2 
4864 2 2 1 1 3 2 
4865 1000001 1 1 2 4 1 
4900 1 1 1 1000001 1 1 
4908 2 1 1 1 1 1 
4909 1 1 2 2 2 1 
4910 2 2 1 1 1 1 
4911 1 1 1 2 1 1 
4915 1 2 1 1 1 1 
4916 1 1 2 1 1 1 
4927 1 1 1 1 1 2 
4928 1 1 1 1 2 1 
4933 1 1 1 1 1 3 
4934 1 1 1 1 2 4 
4935 1 1 2 1 3 4 
4936 1 2 2 1 3 3 
4937 1 2 1 1 4 3 
4938 1 2 3 1 2 1 
4939 2 1 1 1 2 2 
4940 2 1 3 2 1 2 
4941 1 3 3 2 1 2 
4942 2 3 2 1 3 1 
4943 1 1 1 2 3 2 
4944 3 1 1 1 1 1 
4945 1 2 2 3 2 1 
4946 1 4 3 1 1 2 
4947 1 3 3 1 3 2 
4948 2 1 3 1 2 3 
4949 2 2 3 2 1 4 
4950 1 2 4 2 2 3 
4951 1 3 2 1 3 2 
4952 1 2 2 1 3 1 
4953 1 1 3 1 1 2 
4954 1 3 1 1 1 3 
4955 3 1 4 1 2 4 
4956 3 1 4 3 1 3 
4957 2 1 4 3 1 2 
4958 1 1 2 2 1 1 
4961 1 1 1 1 1 2 
4962 3 1 1 1 2 2 
4963 1 3 2 3 1 2 
4964 3 4 2 1 3 3 
4965 1000001 1000001 1 3 1000001 1000001 
5000 1 1 1000001 1000001 1000001 1 
5006 1 1 1 1 1 2 
5009 2 2 1 1 1 3 
5010 1 1 1 2 1 1 
5011 2 1 1 1 1 1 
5012 1 1 1 2 1 1 
5013 1 1 1 1 2 3 
5014 1 1 1 1 2 2 
5015 1 1 1 1 3 2 
5016 1 1 1 1 2 1 
5017 1 1 1 1 2 1 
5026 1 1 1 1 1 2 
5027 2 1 1 1 1 3 
5028 1 2 2 2 1 1 
5033 3 1 1 1 1 4 
5034 2 2 3 3 1 1000001 
5035 1 3 4 2 4 5 
5036 1 3 4 1 4 4 
5037 1 4 3 1 4 3 
5038 1 2 3 1 4 2 
5039 1 2 1 1 3 2 
5040 2 1 2 1 2 3 
5041 2 1 2 2 1 1 
5042 2 3 2 2 1 2 
5043 1 3 1 2 4 3 
5044 1 1 2 1 4 2 
5045 3 2 1 1 2 2 
5046 2 1 1 3 1 3 
5047 1 3 2 2 1 2 
5048 1 2 2 1 3 1 
5049 3 1 3 1 1 4 
5050 1 2 4 3 1 2 
5051 1 3 3 1 1 1 
5052 2 3 2 1 1 2 
5053 2 1 1 2 1 1 
5054 2 1 2 2 1 1 
5055 2 2 3 2 1 1 
5056 2 1 4 2 1 2 
5057 2 1 3 2 1 1 
5058 1 1 2 2 1 1 
5059 1 1 1 1 2 1 
5062 1 2 2 1 1 2 
5063 3 1 2 1 2 1 
5064 1 3 2 3 2 2 
5065 1000001 1000001 3 1 2 1 
5100 1 1 1 1000001 1 1 
5105 2 1 1 1 1 1 
5106 1 1 2 2 1 1 
5108 3 1 1 1 2 2 
5109 1 1 3 3 1 1 
5110 2 1 1 1 1 1 
5111 1 1 1 2 1 2 
5112 1 2 1 1 2 2 
5113 1 2 3 1 1 2 
5114 1 3 2 1 2 1 
5115 1 2 2 1 1 1 
5116 1 2 1 1 1 1 
5122 1 1 1 1 1 2 
5123 1 1 1 1 1 2 
5124 1 1 1 1 2 1 
5125 1 1 1 1 1 3 
5126 2 1 2 1 2 4 
5127 2 1 3 2 2 1 
5128 1 1 1 2 3 1 
5132 3 1 1 1 1 2 
5133 5 1 4 3 1 2 
5134 1 4 1000001 5 3 1 
5135 1 4 5 1 1 1 
5136 1 4 4 1 1 1 
5137 2 4 3 1 2 1 
5138 1 3 2 2 3 2 
5139 1 2 2 1 3 3 
5140 1 1 3 1 2 2 
5141 3 1 1 1 2 3 
5142 1 4 2 3 1 2 
5143 2 4 3 1 3 2 
5144 1 2 2 2 4 1 
5145 4 1 2 1 1 2 
5146 1 1 3 4 2 1 
5147 2 3 2 1 1 1 
5148 4 1 1 2 3 4 
5149 1 1 4 4 1 1 
5150 1 1 2 1 1 1 
5151 3 1 1 1 1 2 
5152 1 1 2 3 1 1 
5153 2 1 1 1 1 2 
5154 2 1 1 2 1 2 
5155 3 1 1 2 1 2 
5156 1 1 2 3 1 1 
5157 1 1 1 1 2 1 
5158 1 2 1 1 1 1 
5159 1 1 1 1 1 2 
5160 1 1 1 1 2 3 
5161 2 1 1 1 3 1 
5162 1 2 2 2 1 2 
5163 4 2 1 1 3 4 
5164 3 2 2 4 1 1 
5165 1000001 1000001 1 3 3 1000001 
5200 1 1 1000001 1000001 1000001 1 
5208 1 2 1 1 1 2 
5209 2 1 2 1 2 1 
5210 2 1 1 2 1 3 
5211 1 1 1 2 1 1 
5212 1 2 2 1 2 2 
5213 1 1 2 1 2 2 
5214 3 2 2 1 3 2 
5215 1 1 1 3 1 1 
5216 2 1 1 1 1 2 
5217 1 1 1 2 1 1 
5222 1 1 1 1 1 3 
5223 1 1 2 1 2 3 
5224 1 2 2 1 2 1 
5225 2 1 1 1 2 4 
5226 2 2 3 2 2 4 
5227 1 2 4 2 2 2 
5228 2 3 1 1 3 1 
5229 1 1 1 2 2 1 
5232 2 1 1 1 1 1 
5233 3 1 2 2 1 1 
5234 3 3 2 3 3 1 
5235 2 1 1 3 3 1 
5236 1 1 1 2 3 2 
5237 1 2 1 1 2 1 
5238 1 3 1 1 1 1 
5239 1 3 2 1 2 2 
5240 1 2 3 1 2 3 
5241 1 2 2 1 3 3 
5242 2 1 3 1 2 3 
5243 1 3 2 2 1 2 
5244 3 4 2 1 3 1 
5245 1 1 1 3 4 3 
5246 3 2 2 1 2 3 
5247 1 1 1 3 1 3 
5248 1 3 1 1 2 2 
5249 1 1 4 1 1 3 
5250 1 1 1 1 2 2 
5251 2 1 1 1 3 1 
5252 2 1 2 2 2 1 
5253 2 1 1 2 2 1 
5254 2 1 2 2 3 1 
5255 2 1 2 2 3 2 
5256 1 1 2 2 4 2 
5257 1 2 1 1 2 1 
5259 1 1 1 1 1 2 
5260 1 2 2 1 1 2 
5261 2 3 3 1 1 1 
5262 3 1 1 2 3 2 
5263 1 3 2 3 1 3 
5264 1 1 4 1 2 4 
5265 1000001 3 1 1 4 3 
5300 1 1 1 1000001 1 1 
5304 3 3 3 3 3 3 
5305 1 1 1 1 1 2 
5306 1 1 1 1 1 2 
5307 1 1 1 1 1 3 
5308 1 2 2 1 2 1 
5309 2 1 1 1 2 1 
5310 1 1 3 2 1 1 
5311 1 2 1 1 1 1 
5312 1 2 2 1 1 1 
5313 1 3 2 1 1 2 
5314 2 1 2 1 3 2 
5315 1 1 1 2 1 1 
5316 1 1 2 1 1 1 
5321 3 1 1 1 1 1 
5322 1 2 3 3 2 1 
5323 1 2 3 1 1 3 
5324 2 2 1 1 4 4 
5325 2 2 4 2 2 3 
5326 1 2 4 2 1 2 
5327 3 3 2 1 2 3 
5328 3 2 1 3 1 2 
5329 1 1 1 3 1 1 
5332 1 1 1 1 1 2 
5333 3 3 1 1 1 2 
5334 2 3 1 3 1 1 
5335 1 3 1 2 3 2 
5336 2 2 2 1 3 1 
5337 1 1 1 2 3 1 
5338 1 2 1 1 1 2 
5339 1 2 2 1 2 3 
5340 1 3 3 1 2 3 
5341 1 2 3 1 3 2 
5342 1 1 3 1 1 2 
5343 2 3 2 1 1 2 
5344 1 4 1 2 4 1 
5345 1 2 3 1 2 2 
5346 3 1 3 1 1 3 
5347 1 2 3 3 1 3 
5348 2 1 2 1 3 3 
5349 1 2 3 2 1 2 
5350 3 3 2 1 2 1 
5351 2 2 1 3 3 1 
5352 1 2 1 2 3 1 
5353 2 3 1 1 2 2 
5354 1 3 1 2 4 1 
5355 2 4 2 1 1 3 
5356 3 2 2 2 1 1 
5357 1 1 1 3 2 2 
5358 1 1 1 1 2 3 
5359 1 1 2 1 2 3 
5360 1 1 2 1 2 4 
5361 1 3 1 1 4 1 
5362 4 1 2 1 2 5 
5363 2 2 3 4 1 3 
5364 1 4 4 2 1 3 
5365 1000001 1000001 3 1 4 1000001 
5400 1 1 1000001 1000001 1000001 1 
5404 1 1 1 1 1 2 
5405 1 1 1 1 2 1 
5406 1 1 2 1 1 3 
5407 2 1 2 1 2 3 
5408 1 2 3 2 1 2 
5409 3 2 1 1 3 1 
5410 1 1 1 3 4 2 
5411 1 1 1 1 3 1 
5412 1 1 1 1 2 1 
5414 1 3 2 1 1 1 
5415 1 1 2 1 1 1 
5419 1 1 1 1 1 2 
5420 1 1 1 1 1 2 
5421 1 1 1 1 2 2 
5422 3 2 1 1 1 3 
5423 3 1 1 3 1 2 
5424 1 4 3 3 1 2 
5425 1 2 4 1 2 1 
5426 3 1 3 1 1 1 
5427 1 2 2 3 3 1 
5428 2 1 3 1 1 2 
5429 1 1 2 2 1 1 
5432 3 1 1 1 1 2 
5433 1 1 2 3 1 1 
5434 1 1 2 1 2 2 
5435 1 3 1 1 2 1 
5436 2 3 2 1 2 2 
5437 4 3 1 2 1 1 
5438 1 1 1 4 3 1 
5439 1 2 2 1 1 2 
5440 1 2 3 1 1 3 
5441 1 3 3 1 2 2 
5442 1 1 2 1 3 2 
5443 1 1 2 1 1 2 
5444 3 4 2 1 1 1 
5445 1 2 1 3 4 3 
5446 2 1 2 1 3 2 
5447 3 1 3 2 1 3 
5448 1 3 3 3 1 2 
5449 1 1 3 1 2 3 
5450 2 2 2 1 2 1 
5451 2 3 1 2 2 2 
5452 2 3 1 2 1 1 
5453 1 2 1 2 1 1 
5454 4 4 2 1 1 4 
5455 4 1 1 4 1 3 
5456 1 1 3 4 1 2 
5457 1 2 1 1 2 2 
5458 1 2 2 1 2 2 
5459 1 2 3 1 1 4 
5460 2 2 3 1 3 4 
5461 3 4 4 2 2 1 
5462 3 2 1 3 4 1 
5463 2 1 5 3 2 1 
5464 2 1 3 2 1 2 
5465 1000001 4 3 2 1 1 
5500 1 1 1 1000001 1 1 
5503 2 1 1 1 1 1 
5504 1 2 2 2 1 1 
5505 3 1 1 1 2 3 
5506 1 2 3 3 1 2 
5507 1 1 3 1 1 1 
5508 2 3 2 1 2 3 
5509 2 4 1 2 1 1 
5510 2 3 2 2 1 1 
5511 1 2 1 2 1 1 
5519 1 1 2 1 1 1 
5520 1 2 2 1 1 3 
5521 2 1 2 1 3 3 
5522 2 1 3 2 1 4 
5523 3 1 2 2 2 2 
5524 1 2 2 3 1 2 
5525 1 1 1 1 1 4 
5526 4 3 1 1 4 3 
5527 2 1 1 4 1 1 
5528 1 1 2 2 1 1 
5532 1 1 2 1 1 1 
5533 1 2 1 1 1 1 
5534 1 2 2 1 1 1 
5535 4 2 1 1 1 1 
5536 1 1 2 4 3 2 
5537 3 3 1 1 3 1 
5538 3 1 1 3 3 1 
5539 2 1 2 3 2 2 
5540 1 2 3 2 1 2 
5541 1 3 2 1 2 2 
5542 1 1 2 1 3 3 
5543 1 1 2 1 2 3 
5544 1 4 1 1 3 2 
5545 1 3 3 1 3 1 
5546 3 1 2 1 2 2 
5547 2 1 3 3 1 2 
5548 1 2 2 2 1 2 
5549 2 2 3 1 1 1 
5550 4 2 1 2 2 3 
5551 1 1 2 4 1 3 
5552 1 1 1 1 2 4 
5553 4 1 1 1 3 4 
5554 3 1 4 4 1 1 
5555 1 1 3 3 2 2 
5556 1 2 2 1 1 3 
5557 1 2 2 1 3 1 
5558 3 1 2 1 1 1 
5559 1 3 4 3 2 3 
5560 1 2 4 1 2 2 
5561 3 4 1 1 3 1 
5562 3 2 1 3 4 3 
5563 3 1 1 3 1 2 
5564 1 1 2 3 1 1 
5565 1000001 1000001 1 1 1 1000001 
5600 1 1 1000001 1000001 1000001 1 
5603 1 1 1 1 1 2 
5604 2 1 1 1 1 3 
5605 1 2 1 2 1 2 
5606 2 1 3 1 1 1 
5607 2 1 2 2 1 3 
5608 1 2 1 2 1 3 
5609 1 1 3 1 2 2 
5610 2 1 1 1 2 3 
5611 2 1 1 2 1 1 
5612 1 1 1 2 1 1 
5617 1 1 1 1 1 2 
5618 1 1 1 1 2 3 
5619 2 1 1 1 3 1 
5620 3 1 1 2 1 1 
5621 1 3 3 3 3 1 
5622 3 1 3 1 1 4 
5623 1 2 4 3 1 1 
5624 1 1 2 1 1 3 
5625 3 1 2 1 2 1 
5626 1 4 4 3 2 1 
5627 2 1 3 1 2 2 
5628 1 1 1 2 1 1 
5634 1 1 1 1 1 2 
5635 1 1 1 1 1 2 
5636 1 3 1 1 1 2 
5637 3 3 2 1 1 2 
5638 4 3 1 3 1 4 
5639 4 2 1 4 1 3 
5640 2 1 2 4 1 2 
5641 1 2 2 2 1 2 
5642 1 3 2 1 2 3 
5643 1 2 3 1 3 4 
5644 1 3 3 1 3 2 
5645 2 3 2 1 3 2 
5646 1 2 1 2 4 2 
5647 3 1 2 1 2 3 
5648 2 1 2 3 1 2 
5649 1 1 2 2 1 1 
5650 5 2 1 1 1 4 
5651 4 1 3 5 1 1 
5652 2 2 3 4 3 1 
5653 1 3 4 2 2 2 
5654 1 1 4 1 3 1 
5655 1 2 1 1 2 2 
5656 2 1 2 1 2 4 
5657 2 3 3 2 2 1 
5658 1 1 1 2 3 2 
5659 5 2 1 1 2 3 
5660 1 2 3 5 2 2 
5661 2 3 2 1 2 2 
5662 1 4 1 2 4 3 
5663 2 1 3 1 4 3 
5664 2 1 2 2 1 4 
5665 1000001 1 1 2 2 3 
5700 1 1 1 1000001 1 1 
5702 2 1 1 1 1 1 
5703 2 1 2 2 1 2 
5704 1 1 3 2 1 1 
5705 1 1 2 1 1 2 
5706 2 1 1 1 2 2 
5707 2 1 3 2 1 1 
5708 1 2 3 2 2 1 
5709 1 2 2 1 1 2 
5710 1 1 3 1 1 2 
5711 2 1 1 1 2 2 
5712 1 1 1 2 1 1 
5716 2 1 1 1 1 1 
5717 1 2 2 2 1 2 
5718 2 3 3 1 1 1 
5719 1 1 1 2 2 1 
5720 4 3 1 1 1 2 
5721 3 1 1 4 2 2 
5722 2 1 4 3 1 3 
5723 2 1 1 2 1 2 
5724 1 2 3 2 1 1 
5725 3 2 1 1 2 2 
5726 1 2 1 3 1 1 
5727 1 1 2 1 1 1 
5730 1 1 1 1 1 3 
5731 1 1 1 1 3 2 
5732 1 1 1 1 2 1 
5733 2 1 1 1 1 1 
5734 1 1 2 2 2 1 
5735 1 1 2 1 1 3 
5736 1 1 2 1 2 3 
5737 5 1 2 1 2 4 
5738 3 1 4 5 1 3 
5739 3 1 3 3 1 3 
5740 2 1 2 3 1 3 
5741 1 2 2 2 1 3 
5742 1 3 3 1 2 3 
5743 1 3 4 1 2 3 
5744 1 3 2 1 4 2 
5745 2 4 2 1 3 2 
5746 1 2 2 2 4 3 
5747 2 1 3 1 2 2 
5748 1 1 2 2 1 1 
5749 5 1 1 1 1 2 
5750 2 1 4 5 3 1 
5751 3 3 1 2 3 1 
5752 1 2 1 3 3 2 
5753 2 3 2 1 2 2 
5754 1 2 1 2 4 2 
5755 2 2 2 1 2 4 
5756 1 2 4 2 2 1 
5757 1 3 1 1 2 1 
5758 1 2 2 1 2 2 
5759 4 2 3 1 1 2 
5760 1 2 2 4 2 1 
5761 1 4 2 1 1 2 
5762 1 4 3 1 3 2 
5763 3 1 3 1 3 3 
5764 1 2 4 3 1 3 
5765 1000001 1000001 3 1 2 1000001 
5800 1 1 1000001 1000001 1000001 1 
5801 1 1 1 1 1 2 
5803 3 1 1 1 1 2 
5804 1 1 2 3 1 1 
5805 1 1 1 1 1 3 
5806 1 2 2 1 2 2 
5807 1 1 2 1 2 3 
5808 3 2 1 1 3 3 
5809 1 1 1 3 1 1 
5810 1 1 2 1 2 1 
5811 1 2 2 1 1 1 
5812 1 1 2 1 1 1 
5815 1 1 1 1 1 2 
5816 1 1 1 1 1 2 
5817 3 1 1 1 2 2 
5818 1 1 2 3 1 2 
5819 2 2 1 1 3 1 
5820 3 1 1 2 2 3 
5821 4 2 2 3 1 3 
5822 2 1 2 4 1 1 
5823 1 1 3 2 2 1 
5824 1 1 2 1 2 1 
5825 1 2 1 1 1 1 
5826 1 1 2 1 1 1 
5830 2 1 1 1 1 1 
5831 1 3 3 2 1 2 
5832 1 2 2 1 3 1 
5833 1 1 1 1 2 1 
5834 2 2 1 1 1 1 
5835 4 1 1 2 1 1 
5836 1 2 3 4 3 1 
5837 2 2 3 1 1 2 
5838 4 1 4 2 1 2 
5839 3 1 3 4 2 1 
5840 3 1 3 3 2 1 
5841 2 1 3 3 2 1 
5842 1 2 3 2 1 1 
5843 1 2 3 1 1 2 
5844 2 4 3 1 1 1 
5845 1 3 2 2 3 1 
5846 1 4 2 1 2 2 
5847 1 2 3 1 3 2 
5848 1 1 2 1 2 3 
5849 3 1 1 1 2 1 
5850 2 3 2 3 3 1 
5851 3 3 1 2 3 1 
5852 1 3 1 3 2 2 
5853 1 2 2 1 3 3 
5854 2 4 2 1 3 1 
5855 2 2 2 2 3 3 
5856 1 2 4 2 1 1 
5857 1 2 1 1 2 1 
5858 1 2 1 1 2 3 
5859 1 1 2 1 3 2 
5860 3 2 2 1 1 3 
5861 1 1 1 3 1 2 
5862 1 3 2 1 1 2 
5863 1 3 2 1 3 3 
5864 3 1 3 1 3 3 
5865 1000001 2 3 3 1 2 
5900 2 1 1 1000001 1 2 
5901 1 1 2 2 1 2 
5902 1 1 1 1 2 2 
5903 1 1 2 1 1 1 
5904 2 1 1 1 1 3 
5905 1 2 3 2 1 2 
5906 1 2 2 1 2 2 
5907 1 3 3 1 1 1 
5908 1 1 3 1 1 1 
5909 2 2 1 1 2 2 
5910 1 1 1 2 1 1 
5915 1 1 2 1 1 2 
5916 1 2 2 1 1 1 
5917 3 1 2 1 1 2 
5918 3 3 2 3 1 1 
5919 1 2 1 3 4 1 
5920 3 1 3 1 1 3 
5921 1 1 3 3 1 1 
5922 1 2 1 1 1 1 
5923 2 2 1 1 1 2 
5924 1 1 1 2 1 1 
5929 1 1 1 1 1 2 
5930 3 1 1 1 1 4 
5931 2 3 2 3 1 3 
5932 1 2 1 2 5 2 
5933 1 1 1 1 3 1 
5934 2 1 1 1 1 1 
5935 4 3 1 2 1 1 
5936 2 1 1 4 4 2 
5937 2 1 2 2 4 3 
5938 3 2 2 2 5 2 
5939 3 2 1 3 5 2 
5940 3 2 1 3 5 1 
5941 2 1 1 3 4 3 
5942 2 1 1 2 5 2 
5943 1 1 2 2 4 2 
5944 2 3 1 1 2 2 
5945 1 2 1 2 1 2 
5946 1 3 2 1 2 2 
5947 1 2 2 1 3 3 
5948 2 2 3 1 2 2 
5949 2 3 1 2 4 1 
5950 4 3 1 2 3 1 
5951 1 2 1 4 3 2 
5952 1 3 2 1 2 3 
5953 2 3 3 1 3 1 
5954 1 3 1 2 3 1 
5955 1 1 3 1 1 2 
5956 1 2 1 1 2 1 
5957 1 2 1 1 2 2 
5958 1 3 3 1 1 1 
5959 2 1 2 1 2 2 
5960 2 1 3 2 1 3 
5961 1 1 2 2 1 3 
5962 1 3 2 1 2 3 
5963 1 3 3 1 3 2 
5964 2 1 3 1 2 3 
5965 1000001 1000001 2 2 1 1000001 
6000 1 1 1000001 1000001 1000001 1 
6001 2 1 2 1 1 3 
6002 1 2 2 2 1 1 
6003 2 1 2 1 1 3 
6004 2 1 1 2 1 2 
6005 1 1 3 2 1 1 
6006 1 2 2 1 1 2 
6007 1 1 2 1 2 1 
6009 1 2 1 1 1 1 
6010 1 1 2 1 1 1 
6015 2 1 1 1 1 2 
6016 1 1 2 2 1 3 
6017 1 1 1 1 3 2 
6018 2 1 2 1 1 3 
6019 3 4 1 2 1 1 
6020 3 1 1 3 4 3 
6021 1 1 3 3 1 2 
6022 1 1 1 1 2 1 
6023 2 1 1 1 1 2 
6024 1 1 2 2 1 1 
6029 2 1 1 1 1 1 
6030 3 1 2 2 1 3 
6031 2 1 4 3 1 3 
6032 3 5 3 2 1 2 
6033 2 3 2 3 5 1 
6034 1 1 1 2 3 1 
6036 2 4 1 1 1 1 
6037 1 4 2 2 1 1 
6038 3 5 3 1 1 2 
6039 3 5 2 3 1 2 
6040 4 5 2 3 1 1 
6041 1 4 1 4 3 2 
6042 3 5 3 1 3 1 
6043 2 4 2 3 4 2 
6044 1 2 2 2 4 3 
6045 2 1 2 1 3 1 
6046 1 2 2 2 2 1 
6047 1 3 2 1 1 1 
6048 1 2 3 1 1 1 
6049 3 4 2 1 1 2 
6050 4 3 1 3 1 1 
6051 1 3 1 4 3 2 
6052 1 2 2 1 3 3 
6053 2 3 3 1 2 2 
6054 2 3 1 2 4 1 
6055 1 1 1 2 2 2 
6056 1 2 2 1 1 1 
6057 1 2 1 1 2 1 
6058 1 1 2 1 1 2 
6059 1 2 1 1 2 2 
6060 3 1 2 1 2 3 
6061 2 1 3 3 1 2 
6062 1 2 3 2 1 1 
6063 1 3 3 1 1 3 
6064 1 2 2 1 2 1 
6065 1000001 1 3 1 2 1 
6100 4 1 1 1000001 1 3 
6101 2 1 3 4 1 2 
6102 2 1 1 2 1 2 
6103 1 1 3 2 1 1 
6104 1 1 2 1 2 1 
6105 1 1 1 1 1 2 
6106 1 2 2 1 1 2 
6107 1 1 1 1 3 1 
6108 1 1 1 1 2 1 
6113 1 1 1 1 1 2 
6114 2 1 1 1 1 2 
6115 3 1 2 2 1 2 
6116 1 3 3 3 1 2 
6117 2 1 2 1 3 4 
6118 1 1 3 2 2 4 
6119 1 4 1 1 4 1 
6120 2 1 3 1 2 1 
6121 3 2 2 2 2 3 
6122 1 1 1 3 1 1 
6123 1 1 2 1 1 1 
6128 1 1 1 1 1 3 
6129 4 1 1 1 3 2 
6130 3 1 3 4 2 1 
6131 1 1 3 3 3 1 
6132 4 5 2 1 1 2 
6133 3 3 1 4 2 1 
6134 1 1 1 3 2 2 
6136 2 1 1 1 1 1 
6137 2 1 1 2 2 1 
6138 3 1 2 2 2 1 
6139 2 1 2 3 3 2 
6140 1 3 1 2 4 2 
6141 2 3 2 1 3 2 
6142 2 4 1 2 4 2 
6143 1 4 2 2 4 2 
6144 3 3 3 1 3 1 
6145 2 2 1 3 4 1 
6146 1 1 1 2 3 2 
6147 1 1 1 1 3 1 
6148 3 1 1 1 1 1 
6149 2 1 2 3 2 1 
6150 1 3 1 2 3 3 
6151 1 3 2 1 4 3 
6152 1 2 3 1 3 2 
6153 4 4 2 1 2 1 
6154 1 2 1 4 3 2 
6155 1 1 2 1 2 2 
6156 1 2 1 1 2 2 
6157 1 1 1 1 3 2 
6158 1 2 2 1 1 2 
6159 1 2 2 1 2 3 
6160 2 1 3 1 2 3 
6161 1 1 2 2 1 1 
6162 3 1 1 1 1 4 
6163 1 2 3 3 1 3 
6164 2 2 1 1 4 1 
6165 1000001 1000001 1 2 1 1000001 
6200 3 1 1000001 1000001 1000001 2 
6201 1 1 3 3 1 2 
6202 2 1 2 1 3 2 
6203 1 1 2 2 4 2 
6204 1 2 1 1 1 2 
6205 1 1 1 1 3 3 
6206 1 1 2 1 2 4 
6207 2 3 2 1 3 1 
6208 1 2 1 2 3 2 
6209 1 1 1 1 3 2 
6210 1 1 1 1 3 1 
6211 1 1 1 1 2 1 
6213 1 1 1 1 1 2 
6214 1 1 2 1 1 2 
6215 2 1 2 1 1 2 
6216 3 1 2 2 1 3 
6217 1 3 2 3 1 3 
6218 2 2 4 1 2 3 
6219 3 4 4 2 1 2 
6220 2 2 1 3 1 1 
6221 1 2 1 2 1 1 
6222 1 1 3 1 1 1 
6227 1 1 1 1 1 2 
6228 2 1 1 1 2 3 
6229 1 3 3 2 1 1 
6230 2 2 2 1 2 2 
6231 4 3 1 2 1 2 
6232 2 1 1 4 2 1 
6233 3 2 2 2 2 1 
6234 1 2 1 3 2 2 
6235 1 1 2 1 2 2 
6236 1 1 1 1 2 2 
6237 2 2 1 1 2 2 
6238 2 2 1 2 1 1 
6239 1 3 1 2 1 1 
6240 2 4 2 1 1 1 
6241 1 3 2 2 2 1 
6242 2 4 2 1 1 1 
6243 2 4 2 2 1 1 
6244 2 3 2 2 2 1 
6245 3 4 1 2 2 1 
6246 1 3 1 3 3 1 
6247 3 3 2 1 1 1 
6248 1 1 1 3 2 1 
6249 1 2 1 1 1 1 
6250 1 3 1 1 2 2 
6251 1 4 3 1 2 2 
6252 1 3 3 1 3 2 
6253 3 2 2 1 3 1 
6254 1 3 1 3 2 1 
6255 1 2 2 1 2 2 
6256 1 2 2 1 2 2 
6257 1 3 2 1 2 2 
6258 1 1 2 1 3 2 
6259 1 2 2 1 1 2 
6260 1 2 3 1 1 3 
6261 1 1 3 1 2 3 
6262 4 1 1 1 3 1 
6263 2 1 4 4 4 4 
6264 5 4 3 2 2 2 
6265 1000001 1 1 5 1000001 4 
6300 3 1 2 1000001 1 2 
6301 1 3 2 3 1 1 
6302 2 4 2 1 1 1 
6303 1 1 2 2 3 3 
6304 1 3 2 1 2 1 
6305 2 2 3 1 1 1 
6306 2 3 4 2 2 3 
6307 1 3 1 2 1 1 
6308 1 3 2 1 1 1 
6309 2 3 2 1 1 1 
6310 2 2 1 2 1 1 
6311 1 1 1 2 1 1 
6312 2 1 1 1 1 3 
6313 1 1 2 2 1 3 
6314 1 1 2 1 2 2 
6315 3 1 2 1 1 3 
6316 3 1 3 3 1 3 
6317 1 2 3 3 1 1 
6318 3 1 3 1 1 1 
6319 2 1 2 3 2 2 
6320 2 1 1 2 1 2 
6321 1 1 1 2 1 1 
6326 2 1 1 1 1 1 
6327 1 2 2 2 1 1 
6328 1 1 3 1 1 1 
6329 1 2 1 1 1 2 
6330 2 1 2 1 2 4 
6331 2 2 2 2 2 4 
6332 3 2 1 2 2 1 
6333 1 2 1 3 4 1 
6334 1 2 2 1 1 2 
6335 1 2 2 1 2 1 
6336 1 2 2 1 1 2 
6337 1 1 2 1 2 3 
6338 1 1 1 1 2 2 
6339 1 1 1 1 1 2 
6340 2 2 1 1 1 3 
6341 2 1 1 2 1 3 
6342 1 1 1 2 1 2 
6343 2 2 1 1 1 2 
6344 2 2 1 2 1 3 
6345 3 3 1 2 1 3 
6346 2 1 1 3 1 2 
6347 2 2 1 2 1 2 
6348 1 1 1 2 1 2 
6349 1 2 1 1 2 2 
6350 1 2 2 1 2 3 
6351 1 3 2 1 3 1 
6352 4 3 2 1 2 1 
6353 1 2 1 4 3 2 
6354 1 2 1 1 3 2 
6355 1 2 2 1 2 3 
6356 1 2 2 1 3 3 
6357 1 3 2 1 3 3 
6358 1 1 2 1 4 4 
6359 2 1 2 1 3 3 
6360 1 2 3 2 1 1 
6361 3 3 3 1 1 3 
6362 1000001 4 1 3 1 1000001 
6363 1 2 4 1000001 2 4 
6364 3 1000001 2 1 4 4 
6365 1000001 1000001 4 3 1000001 1000001 
6400 3 1 1000001 1000001 1000001 3 
6401 1 1 2 3 1 2 
6402 1 1 1 1 1 2 
6403 1 3 1 1 2 1 
6404 1 2 3 1 1 2 
6405 1 1 1 1 1 3 
6406 1 2 1 1 2 3 
6407 1 1 3 1 2 3 
6408 1 1 1 1 3 3 
6409 2 1 1 1 3 3 
6410 2 1 1 2 1 2 
6411 1 1 1 2 1 1 
6412 3 1 1 1 1 1 
6413 2 1 3 3 2 1 
6414 1 2 3 2 1 2 
6415 2 1 2 1 2 4 
6416 3 1 3 2 2 3 
6417 1 1 3 3 1 1 
6418 1 1 1 1 2 5 
6419 4 2 1 1 4 5 
6420 2 1 2 4 1 1 
6421 1 1 2 2 1 1 
6424 1 1 1 1 1 2 
6425 1 1 1 1 2 3 
6426 1 1 1 1 3 1 
6427 2 1 1 1 1 2 
6428 1 1 1 2 1 1 
6430 2 2 2 1 1 1 
6431 2 2 4 2 1 2 
6432 1 2 4 2 1 2 
6433 3 4 1 1 3 1 
6434 1 1 1 3 3 2 
6435 1 2 2 1 1 1 
6436 1 1 1 1 2 2 
6437 1 2 2 1 1 2 
6438 1 2 3 1 1 2 
6439 1 1 2 1 2 3 
6440 2 1 2 1 2 3 
6441 2 1 3 2 1 2 
6442 1 1 3 2 1 2 
6443 1 1 2 1 1 2 
6444 3 1 2 1 1 3 
6445 2 1 3 3 1 2 
6446 2 1 3 2 1 2 
6447 2 1 2 2 1 2 
6448 2 1 2 2 1 3 
6449 1 2 2 2 1 3 
6450 1 2 2 1 3 3 
6451 2 3 3 1 2 1 
6452 3 2 1 2 2 1 
6453 1 3 1 3 3 2 
6454 1 3 2 1 3 2 
6455 1 2 2 1 3 3 
6456 1 3 3 1 2 1 
6457 1 3 3 1 1 1 
6458 1 4 3 1 1 1 
6459 1 3 4 1 1 2 
6460 1 1 3 1 2 5 
6461 2 1 1 1 4 1000001 
6462 1000001 1 3 2 4 1000001 
6463 1000001 2 1000001 1000001 1 2 
6464 1 4 4 1000001 4 3 
6465 1000001 1000001 4 1 3 3 
6500 2 1 3 1000001 1 2 
6501 1 1 2 2 1 3 
6502 2 2 2 1 2 1 
6503 2 1 1 2 2 1 
6504 2 1 2 2 2 1 
6505 1 2 3 2 2 2 
6506 1 2 3 1 3 3 
6507 1 3 3 1 4 3 
6508 1 3 3 1 3 2 
6509 1 1 3 1 2 1 
6510 1 1 2 1 1 1 
6512 3 2 1 1 1 2 
6513 3 1 1 3 1 1 
6514 2 2 2 3 3 1 
6515 1 2 4 2 1 2 
6516 1 1 3 1 1 3 
6517 3 2 1 1 2 3 
6518 1 4 5 3 1 1 
6519 1 1 5 1 1 1 
6523 3 1 3 3 1 4 
6524 1 2 2 1 1 2 
6525 2 3 3 1 1 2 
6526 1 1 1 2 4 2 
6527 1 1 2 1 1 2 
6528 1 1 1 1 1 2 
6529 2 1 1 1 2 3 
6530 3 1 1 2 1 1 
6531 2 1 2 3 2 1 
6532 3 3 2 2 1 1 
6533 1 3 1 3 3 1 
6534 1 1 2 1 2 3 
6535 1 2 1 1 3 3 
6536 1 1 2 1 3 2 
6537 1 1 2 1 1 3 
6538 1 2 2 1 2 2 
6539 1 2 3 1 1 2 
6540 1 1 3 1 1 2 
6541 2 1 2 1 1 2 
6542 1 1 2 2 1 2 
6543 2 1 2 1 1 3 
6544 2 1 3 2 1 3 
6545 2 1 2 2 1 3 
6546 2 1 2 2 1 3 
6547 3 1 2 2 1 3 
6548 2 1 3 3 1 2 
6549 1 3 3 2 1 1 
6550 2 2 3 1 1 1 
6551 2 2 1 2 2 1 
6552 1 3 1 2 3 2 
6553 1 3 2 1 3 3 
6554 1 3 2 1 4 2 
6555 1 2 3 1 2 2 
6556 1 1 1 1 1 1000001 
6557 1 1 1 1 1000001 5 
6558 2 1 1 1 4 5 
6559 3 2 2 2 3 5 
6560 2 4 5 3 2 1000001 
6561 3 4 1000001 2 4 1000001 
6562 1 1 1000001 3 3 5 
6563 1000001 4 2 1 4 5 
6564 1 3 3 1000001 2 2 
6565 1000001 1000001 3 1 2 1000001 
6600 2 1 1000001 1000001 1000001 2 
6601 3 1 2 2 1 3 
6602 2 2 3 3 1 1 
6603 2 2 1 2 1 3 
6604 2 2 1 2 1 2 
6605 1 2 1 2 1 1 
6606 1 3 2 1 1 1 
6607 1 4 3 1 1 1 
6608 1 3 3 1 1 1 
6609 3 2 2 1 2 1 
6610 1 1 1 3 2 1 
6612 4 3 3 3 3 3 
6613 1 1 2 2 1 2 
6614 4 3 1 1 1 2 
6615 3 1 1 4 2 1 
6616 4 1 2 3 2 4 
6617 1 2 3 4 1 1 
6618 1 1 3 1 1 1 
6623 3 1 3 3 1 3 
6624 1 1 2 1 1 2 
6625 1 1 2 1 1 2 
6626 2 4 2 1 1 1 
6627 1 1 2 2 3 2 
6628 1 1 2 1 1 2 
6629 1 2 2 1 1 2 
6630 1 1 3 1 1 2 
6631 3 2 1 1 2 2 
6632 1 1 1 3 1 1 
6633 2 3 1 1 1 1 
6634 1 2 1 2 3 2 
6635 1 3 3 1 1 2 
6636 1 3 3 1 2 2 
6637 2 1 2 1 3 3 
6638 1 2 3 2 1 1 
6639 1 1 2 1 1 2 
6640 1 1 2 1 1 2 
6641 1 1 2 1 1 2 
6642 2 1 2 1 1 2 
6643 2 1 2 2 1 2 
6644 2 1 3 2 1 3 
6645 2 1 3 2 1 3 
6646 2 1 3 2 1 2 
6647 2 1 3 2 1 2 
6648 2 1 3 2 1 1 
6649 1 1 2 2 1 1 
6651 1 2 1 1 2 2 
6652 1 3 1 1 3 3 
6653 1 3 2 1 4 1 
6654 2 4 3 1 1 5 
6655 4 2 2 2 3 1000001 
6656 5 1 2 4 3 1000001 
6657 1 1000001 1000001 5 1 5 
6658 1 4 5 1 1000001 5 
6659 2 3 5 1 4 4 
6660 4 2 5 2 2 4 
6661 2 4 1000001 4 1 3 
6662 2 3 1000001 2 1 4 
6663 1 4 5 2 2 1 
6664 4 2 5 1 1 4 
6665 1000001 2 2 4 1 1 
6700 3 1 2 1000001 1 2 
6701 1 1 3 3 1 3 
6702 4 1 1 1 2 4 
6703 1 1 3 4 1 1 
6704 1 1 2 1 1 1 
6706 1 1 1 1 1 3 
6707 1 1 1 1 3 3 
6708 3 2 1 1 3 3 
6709 1 2 1 3 1 1 
6711 1 1 1 1 1 3 
6712 3 1 1 1 2 2 
6713 1 1 2 3 1 3 
6714 3 2 2 1 2 3 
6715 2 2 1 3 1 2 
6716 1 1 4 2 1 1 
6723 2 1 1 1 1 1 
6724 1 1 2 2 1 1 
6725 1 1 2 1 1 2 
6726 1 3 1 1 2 2 
6727 1 1 2 1 3 3 
6728 1 1 2 1 2 2 
6729 1 1 2 1 1 2 
6730 1 2 2 1 1 1 
6731 2 1 2 1 1 2 
6732 1 1 1 2 1 2 
6733 1 3 1 1 1 2 
6734 1 1 2 1 3 2 
6735 1 2 2 1 1 2 
6736 1 3 2 1 2 1 
6737 1 1 3 1 1 2 
6738 1 1 1 1 2 2 
6739 1 1 2 1 1 2 
6740 1 1 2 1 1 3 
6741 1 1 2 1 2 3 
6742 2 1 2 1 2 3 
6743 3 1 2 2 1 3 
6744 2 1 3 3 1 2 
6745 1 1 3 2 1 1 
6746 2 1 2 1 1 2 
6747 1 1 2 2 1 2 
6748 2 1 1 1 1 2 
6749 1 1 1 2 1 2 
6750 1 2 1 1 1 3 
6751 1 3 2 1 3 2 
6752 4 4 3 1 2 5 
6753 5 1 1 4 1 1000001 
6754 4 3 5 5 1 5 
6755 3 3 1000001 4 1 5 
6756 4 1 1000001 3 2 5 
6757 1 1000001 5 4 1 2 
6758 1 4 5 1 3 4 
6759 2 2 4 1 4 5 
6760 3 1 4 2 3 4 
6761 3 1 3 3 1 3 
6762 1 2 4 3 1 2 
6763 4 1 1 1 3 5 
6764 1 1 4 4 1 2 
6765 1000001 1000001 1 1 1 1000001 
6800 3 1 1000001 1000001 1000001 2 
6801 2 1 2 3 1 1 
6802 2 2 3 2 2 1 
6803 1 1 4 2 1 2 
6804 1 1 1 1 3 3 
6805 1 1 1 1 3 2 
6806 2 1 1 1 3 1 
6807 1 3 3 2 3 2 
6808 1 3 3 1 2 1 
6809 1 1 3 1 1 1 
6811 2 1 1 1 1 1 
6812 1 2 3 2 1 2 
6813 4 1 2 1 2 4 
6814 1 2 3 4 1 2 
6815 2 1 3 1 1 2 
6816 1 1 2 2 1 1 
6822 1 1 1 1 1 2 
6825 3 1 1 1 1 2 
6826 1 2 2 3 1 2 
6827 1 3 2 1 2 2 
6828 1 2 3 1 2 2 
6829 1 1 2 1 2 2 
6830 1 1 2 1 1 1 
6831 1 1 1 1 1 2 
6832 2 1 2 1 1 2 
6833 1 1 2 2 1 2 
6834 1 3 2 1 1 2 
6835 1 1 2 1 3 2 
6836 1 2 2 1 1 2 
6837 1 1 1 1 3 2 
6838 1 2 2 1 1 2 
6839 1 1 2 1 2 2 
6840 2 1 2 1 1 2 
6841 1 2 3 2 1 2 
6842 1 2 3 1 1 2 
6843 2 1 3 1 1 3 
6844 2 1 3 2 1 2 
6845 1 1 2 2 1 2 
6846 2 1 1 1 1 3 
6847 2 1 2 2 1 4 
6848 1 1 2 2 2 3 
6849 2 1 2 1 2 4 
6850 2 1 2 2 2 4 
6851 1 3 3 2 2 1 
6852 1000001 2 2 1 1 1000001 
6853 5 1 5 1000001 1 5 
6854 4 1 1000001 5 1 5 
6855 4 1 5 4 1 4 
6856 3 2 5 4 1 2 
6857 1 1 5 3 1 1 
6858 1 3 2 1 1 1 
6859 1 4 4 1 1 3 
6860 1 3 5 1 2 3 
6861 2 1 4 1 2 3 
6862 2 1 3 2 1 2 
6863 2 3 2 2 1 2 
6864 1 1 5 2 1 1 
6865 1000001 1 2 1 1 2 
6900 1 1 2 1000001 1000001 1000001 
6901 3 2 1 1 1000001 1000001 
6902 1 1 1 3 1000001 1000001 
6903 1 3 2 1 1000001 1000001 
6904 1 3 3 1 1000001 1000001 
6905 2 3 2 1 1000001 1000001 
6906 1 3 1 2 1000001 1000001 
6907 2 2 2 1 1000001 1000001 
6908 1 1 1 2 1000001 1000001 
6909 1 1 1 1 1000001 1000001 
6910 2 1 1 1 1000001 1000001 
6911 3 1 1 2 1000001 1000001 
6912 2 2 2 3 1000001 1000001 
6913 2 1 4 2 1000001 1000001 
6914 3 1 2 2 1000001 1000001 
6915 1 1 2 3 1000001 1000001 
6916 1 1 1 1 1000001 1000001 
6917 1 1 1 1 1000001 1000001 
6918 1 1 1 1 1000001 1000001 
6919 1 1 1 1 1000001 1000001 
6920 1 1 1 1 1000001 1000001 
6921 1 1 1 1 1000001 1000001 
6922 1 1 2 1 1000001 1000001 
6923 1 1 1 1 1000001 1000001 
6924 2 1 1 1 1000001 1000001 
6925 3 1 2 2 1000001 1000001 
6926 1 2 2 3 1000001 1000001 
6927 1 2 2 1 1000001 1000001 
6928 1 2 2 1 1000001 1000001 
6929 1 1 2 1 1000001 1000001 
6930 1 1 1 1 1000001 1000001 
6931 1 1 2 1 1000001 1000001 
6932 2 1 2 1 1000001 1000001 
6933 1 1 2 2 1000001 1000001 
6934 1 3 2 1 1000001 1000001 
6935 1 1 2 1 1000001 1000001 
6936 1 3 2 1 1000001 1000001 
6937 1 1 2 1 1000001 1000001 
6938 1 2 2 1 1000001 1000001 
6939 1 1 2 1 1000001 1000001 
6940 2 1 2 1 1000001 1000001 
6941 1 1 2 2 1000001 1000001 
6942 2 1 2 1 1000001 1000001 
6943 1 1 3 2 1000001 1000001 
6944 2 1 2 1 1000001 1000001 
6945 2 1 2 2 1000001 1000001 
6946 3 1 3 2 1000001 1000001 
6947 1 2 4 3 1000001 1000001 
6948 2 2 3 1 1000001 1000001 
6949 2 2 4 2 1000001 1000001 
6950 3 2 4 2 1000001 1000001 
6951 1000001 1 1 3 1000001 1000001 
6952 1000001 1 1000001 1000001 1000001 1000001 
6953 5 1 5 1000001 1000001 1000001 
6954 3 1 5 5 1000001 1000001 
6955 2 1 4 3 1000001 1000001 
6956 2 1 2 2 1000001 1000001 
6957 1 1 1 2 1000001 1000001 
6958 3 1 1 1 1000001 1000001 
6959 1 2 3 3 1000001 1000001 
6960 1 2 3 1 1000001 1000001 
6961 1 1 3 1 1000001 1000001 
6962 2 1 2 1 1000001 1000001 
6963 1 1 2 2 1000001 1000001 
6964 2 1 1 1 1000001 1000001 
6965 1000001 1000001 2 2 1000001 1000001 
