3755 2 3656 0 3856 0 0 0 0 0 0 0 0 0
3957 1 3857 0 0 0 0 0 0 0 0 0 0 0
4714 3 4815 0 4615 1 4814 1 0 0 0 0 0 0
4815 2 4714 0 4915 0 0 0 0 0 0 0 0 0
4919 3 4920 0 4819 0 5019 0 0 0 0 0 0 0
4636 2 4536 0 4735 0 0 0 0 0 0 0 0 0
4933 2 4934 0 4932 0 0 0 0 0 0 0 0 0
4743 2 4644 0 4742 0 0 0 0 0 0 0 0 0
4644 2 4544 0 4743 0 0 0 0 0 0 0 0 0
5019 2 4919 0 5118 0 0 0 0 0 0 0 0 0
5514 2 5515 0 5513 0 0 0 0 0 0 0 0 0
5423 2 5323 0 5422 0 0 0 0 0 0 0 0 0
5606 2 5607 0 5705 0 0 0 0 0 0 0 0 0
5607 2 5608 0 5606 0 0 0 0 0 0 0 0 0
5709 2 5610 0 5708 0 0 0 0 0 0 0 0 0
5718 2 5619 0 5717 0 0 0 0 0 0 0 0 0
5900 1 5901 0 0 0 0 0 0 0 0 0 0 0
5739 2 5740 1 5738 1 0 0 0 0 0 0 0 0
3656 2 3555 0 3755 0 0 0 0 0 0 0 0 0
3835 2 3735 0 3934 0 0 0 0 0 0 0 0 0
4707 2 4706 0 4808 0 0 0 0 0 0 0 0 0
4716 2 4616 0 4817 0 0 0 0 0 0 0 0 0
4808 2 4707 0 4908 0 0 0 0 0 0 0 0 0
4817 2 4818 0 4716 0 0 0 0 0 0 0 0 0
4420 2 4421 0 4419 0 0 0 0 0 0 0 0 0
4427 3 4428 0 4426 0 4527 0 0 0 0 0 0 0
4920 2 4921 0 4919 0 0 0 0 0 0 0 0 0
4921 2 4922 0 4920 0 0 0 0 0 0 0 0 0
4829 2 4830 0 4728 0 0 0 0 0 0 0 0 0
4932 2 4933 0 4931 0 0 0 0 0 0 0 0 0
4444 2 4343 0 4544 0 0 0 0 0 0 0 0 0
4650 2 4550 2 4749 2 0 0 0 0 0 0 0 0
5017 2 5018 0 4916 0 0 0 0 0 0 0 0 0
5314 2 5214 1 5415 1 0 0 0 0 0 0 0 0
5346 2 5247 2 5345 2 0 0 0 0 0 0 0 0
5705 2 5606 0 5805 0 0 0 0 0 0 0 0 0
5901 2 5902 0 5900 0 0 0 0 0 0 0 0 0
5915 1 5816 1 0 0 0 0 0 0 0 0 0 0
5733 2 5633 0 5833 0 0 0 0 0 0 0 0 0
5643 2 5543 2 5742 2 0 0 0 0 0 0 0 0
5646 2 5647 1 5645 1 0 0 0 0 0 0 0 0
3750 2 3651 2 3850 2 0 0 0 0 0 0 0 0
4315 2 4216 1 4415 1 0 0 0 0 0 0 0 0
4619 2 4518 0 4718 0 0 0 0 0 0 0 0 0
4804 2 4704 0 4703 0 0 0 0 0 0 0 0 0
4916 2 4915 0 5017 0 0 0 0 0 0 0 0 0
4536 2 4437 0 4636 0 0 0 0 0 0 0 0 0
4728 2 4628 0 4829 0 0 0 0 0 0 0 0 0
4735 2 4636 0 4835 0 0 0 0 0 0 0 0 0
4923 3 4824 0 4922 0 5024 0 0 0 0 0 0 0
4841 2 4741 0 4941 0 0 0 0 0 0 0 0 0
5323 2 5224 0 5423 0 0 0 0 0 0 0 0 0
5233 2 5133 0 5333 0 0 0 0 0 0 0 0 0
5420 2 5319 0 5520 0 0 0 0 0 0 0 0 0
5433 2 5333 0 5533 0 0 0 0 0 0 0 0 0
5056 2 4956 1 5055 1 0 0 0 0 0 0 0 0
5254 2 5154 1 5253 1 0 0 0 0 0 0 0 0
5544 2 5445 2 5543 2 0 0 0 0 0 0 0 0
5615 2 5515 1 5715 1 0 0 0 0 0 0 0 0
5619 2 5620 0 5718 0 0 0 0 0 0 0 0 0
5736 2 5737 1 5836 1 0 0 0 0 0 0 0 0
5924 2 5925 1 5923 1 0 0 0 0 0 0 0 0
5926 2 5927 1 5925 1 0 0 0 0 0 0 0 0
5642 2 5541 0 5741 0 0 0 0 0 0 0 0 0
5647 2 5648 1 5646 1 0 0 0 0 0 0 0 0
4115 2 4116 1 4015 1 0 0 0 0 0 0 0 0
3841 2 3741 0 3740 0 0 0 0 0 0 0 0 0
3856 2 3857 0 3755 0 0 0 0 0 0 0 0 0
4150 2 4051 2 4251 2 0 0 0 0 0 0 0 0
4814 2 4714 1 4913 1 0 0 0 0 0 0 0 0
4423 2 4424 0 4422 0 0 0 0 0 0 0 0 0
4428 2 4429 0 4427 0 0 0 0 0 0 0 0 0
4835 2 4735 0 4935 0 0 0 0 0 0 0 0 0
4935 3 4835 0 4934 0 5036 0 0 0 0 0 0 0
4441 2 4341 0 4440 0 0 0 0 0 0 0 0 0
5014 2 4913 1 5113 1 0 0 0 0 0 0 0 0
5123 2 5024 0 5224 0 0 0 0 0 0 0 0 0
5339 2 5340 0 5338 0 0 0 0 0 0 0 0 0
5153 2 5154 2 5152 2 0 0 0 0 0 0 0 0
5345 2 5346 2 5445 2 0 0 0 0 0 0 0 0
5247 2 5147 2 5346 2 0 0 0 0 0 0 0 0
5933 1 5833 0 0 0 0 0 0 0 0 0 0 0
4132 2 4033 0 4232 0 0 0 0 0 0 0 0 0
4351 2 4251 2 4451 2 0 0 0 0 0 0 0 0
4801 2 4802 0 4800 0 0 0 0 0 0 0 0 0
4908 2 4909 0 4808 0 0 0 0 0 0 0 0 0
4424 3 4324 0 4423 0 4524 0 0 0 0 0 0 0
4525 2 4426 0 4524 0 0 0 0 0 0 0 0 0
4438 2 4439 0 4437 0 0 0 0 0 0 0 0 0
4439 2 4440 0 4438 0 0 0 0 0 0 0 0 0
4830 2 4831 0 4829 0 0 0 0 0 0 0 0 0
4931 2 4932 0 4831 0 0 0 0 0 0 0 0 0
4742 2 4743 0 4741 0 0 0 0 0 0 0 0 0
4957 1 4956 1 0 0 0 0 0 0 0 0 0 0
5238 2 5137 0 5338 0 0 0 0 0 0 0 0 0
5147 2 5048 2 5247 2 0 0 0 0 0 0 0 0
5902 2 5903 0 5901 0 0 0 0 0 0 0 0 0
5903 2 5804 0 5902 0 0 0 0 0 0 0 0 0
5804 2 5805 0 5903 0 0 0 0 0 0 0 0 0
5831 2 5832 1 5930 1 0 0 0 0 0 0 0 0
4518 2 4418 0 4619 0 0 0 0 0 0 0 0 0
4913 2 4814 1 5014 1 0 0 0 0 0 0 0 0
4429 2 4430 0 4428 0 0 0 0 0 0 0 0 0
4544 2 4444 0 4644 0 0 0 0 0 0 0 0 0
4451 2 4351 2 4550 2 0 0 0 0 0 0 0 0
5018 3 4918 0 5017 0 5118 0 0 0 0 0 0 0
5313 2 5213 0 5413 0 0 0 0 0 0 0 0 0
5024 2 4923 0 5123 0 0 0 0 0 0 0 0 0
5035 2 5036 0 5134 0 0 0 0 0 0 0 0 0
5042 2 4941 0 5141 0 0 0 0 0 0 0 0 0
5256 2 5257 2 5255 2 0 0 0 0 0 0 0 0
5441 2 5340 0 5541 0 0 0 0 0 0 0 0 0
5737 2 5738 1 5736 1 0 0 0 0 0 0 0 0
5923 2 5924 1 5922 1 0 0 0 0 0 0 0 0
5925 2 5926 1 5924 1 0 0 0 0 0 0 0 0
4116 3 4115 0 4216 0 4217 0 0 0 0 0 0 0
4033 2 3933 0 4132 0 0 0 0 0 0 0 0 0
4043 2 4044 0 4142 0 0 0 0 0 0 0 0 0
4705 2 4706 0 4605 0 0 0 0 0 0 0 0 0
4915 2 4916 0 4815 0 0 0 0 0 0 0 0 0
4422 2 4423 0 4421 0 0 0 0 0 0 0 0 0
4437 2 4438 0 4536 0 0 0 0 0 0 0 0 0
5000 1 4900 0 0 0 0 0 0 0 0 0 0 0
5317 2 5218 0 5417 0 0 0 0 0 0 0 0 0
5050 2 5051 2 5049 2 0 0 0 0 0 0 0 0
5805 2 5705 0 5804 0 0 0 0 0 0 0 0 0
5648 2 5548 1 5647 1 0 0 0 0 0 0 0 0
5851 2 5750 0 5951 0 0 0 0 0 0 0 0 0
4015 2 3915 1 4115 1 0 0 0 0 0 0 0 0
4703 2 4702 0 4804 0 0 0 0 0 0 0 0 0
4624 2 4524 0 4724 0 0 0 0 0 0 0 0 0
4948 3 4849 2 5048 2 5049 2 0 0 0 0 0 0
5110 2 5111 0 5010 0 0 0 0 0 0 0 0 0
5212 2 5213 0 5111 0 0 0 0 0 0 0 0 0
5055 2 5056 1 5154 1 0 0 0 0 0 0 0 0
5541 2 5441 0 5642 0 0 0 0 0 0 0 0 0
5620 2 5520 0 5619 0 0 0 0 0 0 0 0 0
5738 2 5739 1 5737 1 0 0 0 0 0 0 0 0
5922 2 5923 1 5921 1 0 0 0 0 0 0 0 0
5834 2 5835 1 5833 1 0 0 0 0 0 0 0 0
5650 2 5549 0 5750 0 0 0 0 0 0 0 0 0
5840 2 5740 2 5839 2 0 0 0 0 0 0 0 0
3816 2 3715 1 3915 1 0 0 0 0 0 0 0 0
4217 2 4116 0 4317 0 0 0 0 0 0 0 0 0
4330 2 4331 0 4430 0 0 0 0 0 0 0 0 0
4232 2 4132 0 4331 0 0 0 0 0 0 0 0 0
3950 2 3850 2 4051 2 0 0 0 0 0 0 0 0
4051 2 3950 2 4150 2 0 0 0 0 0 0 0 0
4242 2 4142 0 4341 0 0 0 0 0 0 0 0 0
4251 2 4150 2 4351 2 0 0 0 0 0 0 0 0
4702 2 4703 0 4802 0 0 0 0 0 0 0 0 0
4704 2 4605 0 4804 0 0 0 0 0 0 0 0 0
4605 2 4704 0 4705 0 0 0 0 0 0 0 0 0
4706 2 4707 0 4705 0 0 0 0 0 0 0 0 0
4718 2 4619 0 4819 0 0 0 0 0 0 0 0 0
4724 2 4624 0 4824 0 0 0 0 0 0 0 0 0
4922 2 4923 0 4921 0 0 0 0 0 0 0 0 0
5513 2 5514 0 5413 0 0 0 0 0 0 0 0 0
5133 2 5134 0 5233 0 0 0 0 0 0 0 0 0
5422 2 5423 0 5521 0 0 0 0 0 0 0 0 0
5141 2 5042 0 5241 0 0 0 0 0 0 0 0 0
5048 2 4948 2 5147 2 0 0 0 0 0 0 0 0
5049 2 5050 2 4948 2 0 0 0 0 0 0 0 0
5154 4 5055 1 5254 1 5153 2 5255 2 0 0 0 0
5241 2 5141 0 5340 0 0 0 0 0 0 0 0 0
5816 2 5715 1 5915 1 0 0 0 0 0 0 0 0
5921 2 5922 1 5920 1 0 0 0 0 0 0 0 0
5740 3 5739 1 5741 2 5840 2 0 0 0 0 0 0
4317 2 4217 0 4418 0 0 0 0 0 0 0 0 0
4224 2 4123 0 4324 0 0 0 0 0 0 0 0 0
4341 3 4342 0 4242 0 4441 0 0 0 0 0 0 0
4800 2 4801 0 4900 0 0 0 0 0 0 0 0 0
5113 2 5014 1 5213 1 0 0 0 0 0 0 0 0
5218 2 5118 0 5317 0 0 0 0 0 0 0 0 0
5319 2 5219 0 5420 0 0 0 0 0 0 0 0 0
5134 2 5035 0 5133 0 0 0 0 0 0 0 0 0
5338 2 5339 0 5238 0 0 0 0 0 0 0 0 0
5521 2 5422 0 5520 0 0 0 0 0 0 0 0 0
5340 3 5241 0 5339 0 5441 0 0 0 0 0 0 0
5451 3 5351 1 5450 1 5551 1 0 0 0 0 0 0
5713 2 5714 0 5712 0 0 0 0 0 0 0 0 0
5717 2 5718 0 5716 0 0 0 0 0 0 0 0 0
5930 2 5831 1 5929 1 0 0 0 0 0 0 0 0
5937 1 5938 2 0 0 0 0 0 0 0 0 0 0
5742 3 5743 1 5643 2 5741 2 0 0 0 0 0 0
5743 2 5744 1 5742 1 0 0 0 0 0 0 0 0
3651 2 3551 2 3750 2 0 0 0 0 0 0 0 0
4024 2 3923 0 4123 0 0 0 0 0 0 0 0 0
4157 0 0 0 0 0 0 0 0 0 0 0 0 0
4415 2 4315 1 4515 1 0 0 0 0 0 0 0 0
4418 3 4419 0 4317 0 4518 0 0 0 0 0 0 0
4524 3 4525 0 4424 0 4624 0 0 0 0 0 0 0
4550 2 4451 2 4650 2 0 0 0 0 0 0 0 0
5515 4 5416 0 5514 0 5415 1 5615 1 0 0 0 0
5520 3 5521 0 5420 0 5620 0 0 0 0 0 0 0
5450 2 5451 1 5549 1 0 0 0 0 0 0 0 0
5610 2 5611 0 5709 0 0 0 0 0 0 0 0 0
5633 2 5533 0 5733 0 0 0 0 0 0 0 0 0
5928 2 5929 1 5927 1 0 0 0 0 0 0 0 0
5836 2 5736 1 5835 1 0 0 0 0 0 0 0 0
5645 2 5646 1 5744 1 0 0 0 0 0 0 0 0
5951 1 5851 0 0 0 0 0 0 0 0 0 0 0
3933 2 3934 0 4033 0 0 0 0 0 0 0 0 0
4324 2 4224 0 4424 0 0 0 0 0 0 0 0 0
4331 2 4232 0 4330 0 0 0 0 0 0 0 0 0
4044 2 3944 0 4043 0 0 0 0 0 0 0 0 0
4342 2 4343 0 4341 0 0 0 0 0 0 0 0 0
4515 3 4616 0 4415 1 4615 1 0 0 0 0 0 0
4615 2 4515 1 4714 1 0 0 0 0 0 0 0 0
4527 2 4427 0 4628 0 0 0 0 0 0 0 0 0
4831 2 4830 0 4931 0 0 0 0 0 0 0 0 0
4440 2 4441 0 4439 0 0 0 0 0 0 0 0 0
4941 2 4841 0 5042 0 0 0 0 0 0 0 0 0
5010 2 4909 0 5110 0 0 0 0 0 0 0 0 0
5111 2 5110 0 5212 0 0 0 0 0 0 0 0 0
5051 2 5052 2 5050 2 0 0 0 0 0 0 0 0
5255 2 5256 2 5154 2 0 0 0 0 0 0 0 0
5548 2 5549 1 5648 1 0 0 0 0 0 0 0 0
5549 3 5650 0 5450 1 5548 1 0 0 0 0 0 0
5708 2 5709 0 5608 0 0 0 0 0 0 0 0 0
5711 2 5712 0 5611 0 0 0 0 0 0 0 0 0
5714 2 5715 0 5713 0 0 0 0 0 0 0 0 0
5715 4 5716 0 5714 0 5615 1 5816 1 0 0 0 0
5920 2 5921 1 5919 1 0 0 0 0 0 0 0 0
5929 2 5930 1 5928 1 0 0 0 0 0 0 0 0
5832 2 5833 1 5831 1 0 0 0 0 0 0 0 0
5938 2 5839 2 5937 2 0 0 0 0 0 0 0 0
5750 2 5650 0 5851 0 0 0 0 0 0 0 0 0
3944 2 3844 0 4044 0 0 0 0 0 0 0 0 0
3850 2 3750 2 3950 2 0 0 0 0 0 0 0 0
4142 2 4043 0 4242 0 0 0 0 0 0 0 0 0
4419 2 4420 0 4418 0 0 0 0 0 0 0 0 0
4616 2 4515 0 4716 0 0 0 0 0 0 0 0 0
4819 2 4718 0 4919 0 0 0 0 0 0 0 0 0
4430 2 4330 0 4429 0 0 0 0 0 0 0 0 0
4741 2 4742 0 4841 0 0 0 0 0 0 0 0 0
4956 2 4957 1 5056 1 0 0 0 0 0 0 0 0
5214 2 5213 1 5314 1 0 0 0 0 0 0 0 0
5413 2 5313 0 5513 0 0 0 0 0 0 0 0 0
5417 2 5317 0 5416 0 0 0 0 0 0 0 0 0
5036 3 5037 0 4935 0 5035 0 0 0 0 0 0 0
5037 2 5036 0 5137 0 0 0 0 0 0 0 0 0
5253 2 5254 1 5352 1 0 0 0 0 0 0 0 0
5257 1 5256 2 0 0 0 0 0 0 0 0 0 0
5445 2 5345 2 5544 2 0 0 0 0 0 0 0 0
5608 2 5607 0 5708 0 0 0 0 0 0 0 0 0
5919 1 5920 1 0 0 0 0 0 0 0 0 0 0
5833 4 5733 0 5933 0 5834 1 5832 1 0 0 0 0
5839 2 5840 2 5938 2 0 0 0 0 0 0 0 0
3915 2 3816 1 4015 1 0 0 0 0 0 0 0 0
4216 2 4116 1 4315 1 0 0 0 0 0 0 0 0
4123 2 4024 0 4224 0 0 0 0 0 0 0 0 0
4343 2 4342 0 4444 0 0 0 0 0 0 0 0 0
4900 2 4800 0 5000 0 0 0 0 0 0 0 0 0
4818 2 4817 0 4918 0 0 0 0 0 0 0 0 0
4918 2 4818 0 5018 0 0 0 0 0 0 0 0 0
4421 2 4422 0 4420 0 0 0 0 0 0 0 0 0
4426 2 4427 0 4525 0 0 0 0 0 0 0 0 0
4628 2 4527 0 4728 0 0 0 0 0 0 0 0 0
4824 2 4724 0 4923 0 0 0 0 0 0 0 0 0
4849 2 4749 2 4948 2 0 0 0 0 0 0 0 0
5415 2 5314 1 5515 1 0 0 0 0 0 0 0 0
5416 2 5417 0 5515 0 0 0 0 0 0 0 0 0
5351 2 5352 1 5451 1 0 0 0 0 0 0 0 0
5927 2 5928 1 5926 1 0 0 0 0 0 0 0 0
5835 2 5836 1 5834 1 0 0 0 0 0 0 0 0
5741 3 5642 0 5742 2 5740 2 0 0 0 0 0 0
3934 2 3835 0 3933 0 0 0 0 0 0 0 0 0
3857 2 3856 0 3957 0 0 0 0 0 0 0 0 0
4934 2 4935 0 4933 0 0 0 0 0 0 0 0 0
4749 2 4650 2 4849 2 0 0 0 0 0 0 0 0
5137 2 5037 0 5238 0 0 0 0 0 0 0 0 0
5152 2 5153 2 5052 2 0 0 0 0 0 0 0 0
5352 2 5253 1 5351 1 0 0 0 0 0 0 0 0
5543 2 5544 2 5643 2 0 0 0 0 0 0 0 0
5551 1 5451 1 0 0 0 0 0 0 0 0 0 0
5611 2 5610 0 5711 0 0 0 0 0 0 0 0 0
5716 2 5717 0 5715 0 0 0 0 0 0 0 0 0
5744 2 5645 1 5743 1 0 0 0 0 0 0 0 0
3923 2 3824 0 4024 0 0 0 0 0 0 0 0 0
3824 2 3723 0 3923 0 0 0 0 0 0 0 0 0
3844 2 3744 0 3944 0 0 0 0 0 0 0 0 0
4802 2 4702 0 4801 0 0 0 0 0 0 0 0 0
4909 2 4908 0 5010 0 0 0 0 0 0 0 0 0
5118 4 5019 0 5018 0 5218 0 5219 0 0 0 0 0
5213 4 5214 1 5113 1 5212 1 5313 1 0 0 0 0
5219 2 5118 0 5319 0 0 0 0 0 0 0 0 0
5224 2 5123 0 5323 0 0 0 0 0 0 0 0 0
5333 2 5233 0 5433 0 0 0 0 0 0 0 0 0
5533 2 5433 0 5633 0 0 0 0 0 0 0 0 0
5052 2 5051 2 5152 2 0 0 0 0 0 0 0 0
5712 2 5713 0 5711 0 0 0 0 0 0 0 0 0
304 2 305 0 404 0 0 0 0 0 0 0 0 0
206 2 106 0 305 0 0 0 0 0 0 0 0 0
31 1 32 0 0 0 0 0 0 0 0 0 0 0
539 2 439 0 640 0 0 0 0 0 0 0 0 0
446 2 346 0 545 0 0 0 0 0 0 0 0 0
1510 2 1411 0 1509 0 0 0 0 0 0 0 0 0
1645 2 1544 0 1744 0 0 0 0 0 0 0 0 0
1844 2 1744 0 1943 0 0 0 0 0 0 0 0 0
2313 2 2314 0 2312 0 0 0 0 0 0 0 0 0
2143 2 2044 0 2243 0 0 0 0 0 0 0 0 0
2711 2 2612 1 2812 1 0 0 0 0 0 0 0 0
2929 2 2830 0 3029 0 0 0 0 0 0 0 0 0
3139 2 3140 0 3239 0 0 0 0 0 0 0 0 0
3325 2 3226 0 3425 0 0 0 0 0 0 0 0 0
3536 2 3537 0 3636 0 0 0 0 0 0 0 0 0
3352 2 3353 2 3452 2 0 0 0 0 0 0 0 0
503 2 404 0 502 0 0 0 0 0 0 0 0 0
404 2 304 0 503 0 0 0 0 0 0 0 0 0
902 2 903 1 802 1 0 0 0 0 0 0 0 0
903 2 902 1 1004 1 0 0 0 0 0 0 0 0
815 2 715 0 914 0 0 0 0 0 0 0 0 0
1107 2 1108 1 1106 1 0 0 0 0 0 0 0 0
1112 2 1113 0 1212 0 0 0 0 0 0 0 0 0
545 2 446 0 544 0 0 0 0 0 0 0 0 0
840 2 740 0 940 0 0 0 0 0 0 0 0 0
1536 2 1537 0 1636 0 0 0 0 0 0 0 0 0
1443 2 1342 0 1542 0 0 0 0 0 0 0 0 0
1544 2 1445 0 1645 0 0 0 0 0 0 0 0 0
2119 2 2120 0 2219 0 0 0 0 0 0 0 0 0
2412 2 2311 1 2511 1 0 0 0 0 0 0 0 0
2133 2 2034 0 2233 0 0 0 0 0 0 0 0 0
2243 2 2143 0 2342 0 0 0 0 0 0 0 0 0
2541 2 2442 0 2642 0 0 0 0 0 0 0 0 0
2812 2 2711 1 2911 1 0 0 0 0 0 0 0 0
3204 2 3205 0 3303 0 0 0 0 0 0 0 0 0
3401 1 3402 0 0 0 0 0 0 0 0 0 0 0
3452 2 3352 2 3551 2 0 0 0 0 0 0 0 0
8 1 107 0 0 0 0 0 0 0 0 0 0 0
500 2 400 1 601 1 0 0 0 0 0 0 0 0
914 2 815 0 1014 0 0 0 0 0 0 0 0 0
742 2 643 0 842 0 0 0 0 0 0 0 0 0
1143 2 1043 0 1244 0 0 0 0 0 0 0 0 0
1242 2 1141 0 1342 0 0 0 0 0 0 0 0 0
1640 2 1539 0 1740 0 0 0 0 0 0 0 0 0
1742 2 1643 0 1741 0 0 0 0 0 0 0 0 0
2122 2 2023 0 2121 0 0 0 0 0 0 0 0 0
2741 2 2642 0 2842 0 0 0 0 0 0 0 0 0
2941 2 2842 0 3041 0 0 0 0 0 0 0 0 0
2842 2 2741 0 2941 0 0 0 0 0 0 0 0 0
3154 2 3155 2 3254 2 0 0 0 0 0 0 0 0
3311 2 3212 1 3412 1 0 0 0 0 0 0 0 0
3239 2 3139 0 3338 0 0 0 0 0 0 0 0 0
3622 2 3623 0 3621 0 0 0 0 0 0 0 0 0
3735 2 3636 0 3835 0 0 0 0 0 0 0 0 0
3638 2 3637 0 3738 0 0 0 0 0 0 0 0 0
7 2 6 0 107 0 0 0 0 0 0 0 0 0
400 1 500 1 0 0 0 0 0 0 0 0 0 0
716 2 717 0 715 0 0 0 0 0 0 0 0 0
1344 2 1244 0 1445 0 0 0 0 0 0 0 0 0
1509 3 1510 1 1409 1 1610 1 0 0 0 0 0 0
2309 2 2310 0 2308 0 0 0 0 0 0 0 0 0
2612 2 2511 1 2711 1 0 0 0 0 0 0 0 0
3127 2 3128 0 3227 0 0 0 0 0 0 0 0 0
2956 2 2857 2 3056 2 0 0 0 0 0 0 0 0
3514 2 3515 1 3513 1 0 0 0 0 0 0 0 0
3715 2 3616 1 3816 1 0 0 0 0 0 0 0 0
3738 2 3739 0 3638 0 0 0 0 0 0 0 0 0
3551 2 3452 2 3651 2 0 0 0 0 0 0 0 0
1308 2 1209 1 1409 1 0 0 0 0 0 0 0 0
1310 2 1211 0 1309 0 0 0 0 0 0 0 0 0
239 2 238 0 339 0 0 0 0 0 0 0 0 0
1643 2 1542 0 1742 0 0 0 0 0 0 0 0 0
2311 3 2310 0 2212 1 2412 1 0 0 0 0 0 0
3128 2 3029 0 3127 0 0 0 0 0 0 0 0 0
3555 2 3456 0 3656 0 0 0 0 0 0 0 0 0
3740 2 3739 0 3841 0 0 0 0 0 0 0 0 0
757 0 0 0 0 0 0 0 0 0 0 0 0 0
1636 2 1536 0 1635 0 0 0 0 0 0 0 0 0
1933 2 1833 0 2034 0 0 0 0 0 0 0 0 0
1741 2 1742 0 1740 0 0 0 0 0 0 0 0 0
2011 2 1910 1 2111 1 0 0 0 0 0 0 0 0
2120 2 2121 0 2119 0 0 0 0 0 0 0 0 0
2442 2 2342 0 2541 0 0 0 0 0 0 0 0 0
3108 2 3107 0 3209 0 0 0 0 0 0 0 0 0
2730 2 2631 0 2830 0 0 0 0 0 0 0 0 0
2830 2 2730 0 2929 0 0 0 0 0 0 0 0 0
2857 2 2757 2 2956 2 0 0 0 0 0 0 0 0
3041 2 2941 0 3140 0 0 0 0 0 0 0 0 0
3057 2 2957 0 3156 0 0 0 0 0 0 0 0 0
3210 2 3110 0 3209 0 0 0 0 0 0 0 0 0
3226 2 3227 0 3325 0 0 0 0 0 0 0 0 0
1004 2 1005 1 903 1 0 0 0 0 0 0 0 0
32 2 33 0 31 0 0 0 0 0 0 0 0 0
33 2 34 0 32 0 0 0 0 0 0 0 0 0
47 1 147 0 0 0 0 0 0 0 0 0 0 0
842 2 742 0 942 0 0 0 0 0 0 0 0 0
1910 2 1810 1 2011 1 0 0 0 0 0 0 0 0
1537 2 1538 0 1536 0 0 0 0 0 0 0 0 0
1833 2 1733 0 1933 0 0 0 0 0 0 0 0 0
1744 2 1645 0 1844 0 0 0 0 0 0 0 0 0
2111 2 2011 1 2212 1 0 0 0 0 0 0 0 0
2216 2 2217 0 2215 0 0 0 0 0 0 0 0 0
2511 2 2412 1 2612 1 0 0 0 0 0 0 0 0
2034 2 1933 0 2133 0 0 0 0 0 0 0 0 0
3209 2 3210 0 3108 0 0 0 0 0 0 0 0 0
3524 2 3425 0 3624 0 0 0 0 0 0 0 0 0
3425 2 3325 0 3524 0 0 0 0 0 0 0 0 0
3621 2 3622 0 3620 0 0 0 0 0 0 0 0 0
3739 2 3740 0 3738 0 0 0 0 0 0 0 0 0
3456 2 3356 0 3555 0 0 0 0 0 0 0 0 0
602 2 502 0 601 0 0 0 0 0 0 0 0 0
1311 2 1212 0 1411 0 0 0 0 0 0 0 0 0
238 2 239 0 137 0 0 0 0 0 0 0 0 0
339 2 239 0 439 0 0 0 0 0 0 0 0 0
1141 2 1041 0 1242 0 0 0 0 0 0 0 0 0
1409 2 1308 1 1509 1 0 0 0 0 0 0 0 0
2219 2 2119 0 2218 0 0 0 0 0 0 0 0 0
2233 2 2133 0 2332 0 0 0 0 0 0 0 0 0
3110 2 3210 0 3211 0 0 0 0 0 0 0 0 0
2642 2 2541 0 2741 0 0 0 0 0 0 0 0 0
3402 2 3403 0 3401 0 0 0 0 0 0 0 0 0
3412 2 3413 1 3311 1 0 0 0 0 0 0 0 0
3227 2 3127 0 3226 0 0 0 0 0 0 0 0 0
3723 2 3624 0 3824 0 0 0 0 0 0 0 0 0
3644 2 3643 0 3744 0 0 0 0 0 0 0 0 0
107 2 8 0 7 0 0 0 0 0 0 0 0 0
1113 2 1014 0 1112 0 0 0 0 0 0 0 0 0
1212 3 1112 0 1211 0 1311 0 0 0 0 0 0 0
147 2 47 0 247 0 0 0 0 0 0 0 0 0
544 2 545 0 644 0 0 0 0 0 0 0 0 0
640 2 539 0 740 0 0 0 0 0 0 0 0 0
740 2 640 0 840 0 0 0 0 0 0 0 0 0
1342 2 1242 0 1443 0 0 0 0 0 0 0 0 0
1542 2 1443 0 1643 0 0 0 0 0 0 0 0 0
2312 2 2313 0 2212 0 0 0 0 0 0 0 0 0
2215 2 2216 0 2314 0 0 0 0 0 0 0 0 0
2023 2 2024 0 2122 0 0 0 0 0 0 0 0 0
3107 2 3108 0 3106 0 0 0 0 0 0 0 0 0
3111 2 3012 1 3212 1 0 0 0 0 0 0 0 0
2757 1 2857 2 0 0 0 0 0 0 0 0 0 0
3303 2 3204 0 3403 0 0 0 0 0 0 0 0 0
3413 2 3412 1 3513 1 0 0 0 0 0 0 0 0
3356 2 3256 0 3456 0 0 0 0 0 0 0 0 0
1005 2 1006 1 1004 1 0 0 0 0 0 0 0 0
1309 2 1310 0 1209 0 0 0 0 0 0 0 0 0
34 2 35 0 33 0 0 0 0 0 0 0 0 0
1244 2 1143 0 1344 0 0 0 0 0 0 0 0 0
1610 2 1509 1 1710 1 0 0 0 0 0 0 0 0
1538 2 1539 0 1537 0 0 0 0 0 0 0 0 0
2314 2 2215 0 2313 0 0 0 0 0 0 0 0 0
2631 2 2531 0 2730 0 0 0 0 0 0 0 0 0
3515 2 3514 1 3616 1 0 0 0 0 0 0 0 0
3624 3 3524 0 3623 0 3723 0 0 0 0 0 0 0
3254 2 3154 2 3353 2 0 0 0 0 0 0 0 0
3741 2 3742 0 3841 0 0 0 0 0 0 0 0 0
701 2 601 1 802 1 0 0 0 0 0 0 0 0
1014 2 914 0 1113 0 0 0 0 0 0 0 0 0
1209 3 1309 0 1108 1 1308 1 0 0 0 0 0 0
35 2 36 0 34 0 0 0 0 0 0 0 0 0
136 2 137 0 36 0 0 0 0 0 0 0 0 0
957 0 0 0 0 0 0 0 0 0 0 0 0 0
2407 1 2307 0 0 0 0 0 0 0 0 0 0 0
2121 2 2122 0 2120 0 0 0 0 0 0 0 0 0
2531 2 2432 0 2631 0 0 0 0 0 0 0 0 0
3105 2 3106 0 3205 0 0 0 0 0 0 0 0 0
3029 2 2929 0 3128 0 0 0 0 0 0 0 0 0
3403 2 3303 0 3402 0 0 0 0 0 0 0 0 0
3618 2 3619 0 3617 0 0 0 0 0 0 0 0 0
3637 2 3638 0 3636 0 0 0 0 0 0 0 0 0
6 2 7 0 106 0 0 0 0 0 0 0 0 0
305 2 206 0 304 0 0 0 0 0 0 0 0 0
715 2 716 0 815 0 0 0 0 0 0 0 0 0
717 1 716 0 0 0 0 0 0 0 0 0 0 0
1108 2 1107 1 1209 1 0 0 0 0 0 0 0 0
1211 2 1212 0 1310 0 0 0 0 0 0 0 0 0
439 2 339 0 539 0 0 0 0 0 0 0 0 0
247 2 147 0 346 0 0 0 0 0 0 0 0 0
1041 2 940 0 1141 0 0 0 0 0 0 0 0 0
1411 2 1311 0 1510 0 0 0 0 0 0 0 0 0
1539 2 1538 0 1640 0 0 0 0 0 0 0 0 0
1924 1 2024 0 0 0 0 0 0 0 0 0 0 0
2342 2 2243 0 2442 0 0 0 0 0 0 0 0 0
3106 2 3107 0 3105 0 0 0 0 0 0 0 0 0
2957 1 3057 0 0 0 0 0 0 0 0 0 0 0
3140 2 3041 0 3139 0 0 0 0 0 0 0 0 0
3056 2 2956 2 3155 2 0 0 0 0 0 0 0 0
3156 2 3057 0 3256 0 0 0 0 0 0 0 0 0
3438 2 3338 0 3537 0 0 0 0 0 0 0 0 0
3636 3 3637 0 3536 0 3735 0 0 0 0 0 0 0
3742 2 3643 0 3741 0 0 0 0 0 0 0 0 0
106 2 6 0 206 0 0 0 0 0 0 0 0 0
502 2 503 0 602 0 0 0 0 0 0 0 0 0
601 3 602 0 500 1 701 1 0 0 0 0 0 0
1106 2 1107 1 1006 1 0 0 0 0 0 0 0 0
36 2 35 0 136 0 0 0 0 0 0 0 0 0
346 2 247 0 446 0 0 0 0 0 0 0 0 0
940 2 840 0 1041 0 0 0 0 0 0 0 0 0
1810 2 1710 1 1910 1 0 0 0 0 0 0 0 0
2432 2 2332 0 2531 0 0 0 0 0 0 0 0 0
2044 2 1943 0 2143 0 0 0 0 0 0 0 0 0
2911 2 2812 1 3012 1 0 0 0 0 0 0 0 0
3012 2 2911 1 3111 1 0 0 0 0 0 0 0 0
3205 2 3105 0 3204 0 0 0 0 0 0 0 0 0
3353 2 3254 2 3352 2 0 0 0 0 0 0 0 0
3744 2 3644 0 3844 0 0 0 0 0 0 0 0 0
802 2 701 1 902 1 0 0 0 0 0 0 0 0
643 2 644 0 742 0 0 0 0 0 0 0 0 0
644 2 544 0 643 0 0 0 0 0 0 0 0 0
942 2 842 0 1043 0 0 0 0 0 0 0 0 0
1733 2 1734 0 1833 0 0 0 0 0 0 0 0 0
1734 2 1635 0 1733 0 0 0 0 0 0 0 0 0
2307 2 2308 0 2407 0 0 0 0 0 0 0 0 0
2308 2 2309 0 2307 0 0 0 0 0 0 0 0 0
2217 2 2218 0 2216 0 0 0 0 0 0 0 0 0
2218 2 2219 0 2217 0 0 0 0 0 0 0 0 0
2024 2 1924 0 2023 0 0 0 0 0 0 0 0 0
2332 2 2233 0 2432 0 0 0 0 0 0 0 0 0
3155 2 3056 2 3154 2 0 0 0 0 0 0 0 0
3211 2 3212 0 3110 0 0 0 0 0 0 0 0 0
3616 3 3617 0 3515 1 3715 1 0 0 0 0 0 0
3617 2 3618 0 3616 0 0 0 0 0 0 0 0 0
3338 2 3239 0 3438 0 0 0 0 0 0 0 0 0
3623 2 3624 0 3622 0 0 0 0 0 0 0 0 0
1006 2 1005 1 1106 1 0 0 0 0 0 0 0 0
137 2 136 0 238 0 0 0 0 0 0 0 0 0
1043 2 942 0 1143 0 0 0 0 0 0 0 0 0
1740 2 1741 0 1640 0 0 0 0 0 0 0 0 0
1943 2 1844 0 2044 0 0 0 0 0 0 0 0 0
2310 2 2311 0 2309 0 0 0 0 0 0 0 0 0
3537 2 3438 0 3536 0 0 0 0 0 0 0 0 0
3256 2 3156 0 3356 0 0 0 0 0 0 0 0 0
3643 2 3644 0 3742 0 0 0 0 0 0 0 0 0
1710 2 1610 1 1810 1 0 0 0 0 0 0 0 0
1635 2 1636 0 1734 0 0 0 0 0 0 0 0 0
1445 2 1344 0 1544 0 0 0 0 0 0 0 0 0
2212 3 2111 1 2311 1 2312 1 0 0 0 0 0 0
3212 3 3211 0 3111 1 3311 1 0 0 0 0 0 0
3513 2 3514 1 3413 1 0 0 0 0 0 0 0 0
3619 2 3620 0 3618 0 0 0 0 0 0 0 0 0
3620 2 3621 0 3619 0 0 0 0 0 0 0 0 0
