0000 2 1000002 1000002 1000002 1000002 2 
0001 2 1000002 1000002 2 2 2 
0002 4 1000004 1000004 4 4 4 
0003 4 1000004 1000004 4 4 4 
0004 4 1000004 1000004 4 4 4 
0005 4 1000004 1000004 4 5 5 
0006 1 1000001 1000001 1 1 1 
0007 1 1000001 1000001 1 1 1 
0008 1 1000001 1000001 1 1 1 
0009 1 1000001 1000001 1 1 1 
0010 2 1000002 1000002 2 2 2 
0011 2 1000002 1000002 2 2 2 
0012 2 1000002 1000002 2 2 2 
0013 2 1000002 1000002 2 2 2 
0014 4 1000002 1000002 2 2 3 
0015 2 1000001 1000001 3 1 2 
0016 2 1000001 1000001 2 1 2 
0017 1 1000001 1000001 2 1 1 
0018 1 1000001 1000001 1 1 3 
0019 5 1000004 1000004 4 5 6 
0020 2 1000001 1000001 2 1 2 
0021 1 1000001 1000001 2 1 1 
0022 1 1000001 1000001 1 1 2 
0023 1 1000001 1000001 1 1 1 
0024 1 1000001 1000001 1 1 1 
0025 4 1000004 1000004 4 4 4 
0026 1 1000001 1000001 1 1 1 
0027 1 1000001 1000001 1 1 2 
0028 1 1000001 1000001 1 1 2 
0029 1 1000001 1000001 1 1 2 
0030 1 1000001 1000001 1 1 3 
0031 4 1000001 1000001 1 1 2 
0032 3 1000001 1000001 4 2 1 
0033 3 1000001 1000001 3 3 1 
0034 2 1000001 1000001 3 3 2 
0035 1 1000001 1000001 2 4 3 
0036 1 1000001 1000001 1 3 1 
0037 3 1000001 1000001 1 1 2 
0038 2 1000001 1000001 3 1 1 
0039 1 1000001 1000001 2 1 1 
0040 1 1000001 1000001 1 3 1 
0041 2 1000001 1000001 1 1 1 
0042 1 1000001 1000001 2 3 1 
0043 2 1000001 1000001 1 2 3 
0044 1 1000001 1000001 2 1 1 
0045 1 1000001 1000001 1 1 1 
0046 5 1000004 1000004 4 4 4 
0047 1 1000001 1000001 2 2 2 
0048 1 1000001 1000001 1 1 1 
0049 2 1000001 1000001 1 1 1 
0050 2 1000001 1000001 2 1 1 
0051 2 1000001 1000001 2 2 1 
0052 3 1000001 1000001 2 2 1 
0053 3 1000001 1000001 3 1 2 
0054 1 1000001 1000001 3 1 1 
0055 1 1000001 1000001 1 1 1 
0056 1 1000001 1000001 1 1 1 
0057 1000001 1000001 1000001 1 1 1 
0100 2 2 2 1000002 2 2 
0101 4 4 4 4 4 4 
0102 4 4 4 4 4 4 
0103 4 4 4 4 4 4 
0104 4 5 4 4 4 4 
0105 4 4 5 4 4 4 
0108 2 2 2 2 2 2 
0109 2 2 2 2 2 2 
0110 2 2 2 2 2 2 
0111 2 2 2 2 2 2 
0112 2 2 2 2 2 2 
0113 4 2 2 2 2 2 
0114 3 1 2 3 3 2 
0115 2 1 2 3 1000001 3 
0116 1 1 2 2 5 5 
0117 3 1 1 1 4 4 
0118 4 5 6 6 4 4 
0119 4 4 6 4 4 5 
0120 1 1 2 1 3 4 
0121 2 2 2 2 6 4 
0122 2 2 3 2 4 3 
0123 2 2 2 2 4 5 
0124 2 2 2 2 5 5 
0125 4 4 4 4 6 8 
0126 1 1 1 1 4 2 
0127 2 2 3 2 2 2 
0128 2 2 3 2 2 2 
0129 2 1 2 1 1 3 
0130 2 2 4 3 2 3 
0131 3 3 3 2 2 5 
0132 3 4 2 3 3 2 
0133 2 4 2 3 2 5 
0134 2 5 3 2 4 5 
0135 3 4 4 2 4 1000002 
0136 3 1 1 2 5 1000001 
0137 2 1 2 3 3 1 
0138 3 3 3 4 3 4 
0139 5 5 3 3 4 5 
0140 2 2 2 4 2 2 
0141 2 4 2 2 2 2 
0142 4 5 4 4 4 5 
0143 4 4 6 4 6 6 
0144 4 4 4 4 5 4 
0145 4 4 4 4 4 4 
0146 1 2 1 1 1 1 
0147 1 1 2 1 1 2 
0148 2 2 2 2 2 4 
0149 2 2 2 2 3 5 
0150 4 3 2 2 4 4 
0151 2 3 2 4 2 2 
0152 4 2 2 2 3 5 
0153 1 1 2 3 1 2 
0155 2 2 2 2 2 2 
0156 2 1 1 1 1 2 
0157 1000001 1000001 1 2 1 1000001 
0200 2 2 1000002 1000002 1000002 2 
0201 4 4 4 4 4 4 
0202 4 4 4 4 4 4 
0203 4 4 4 4 4 4 
0204 4 4 4 4 4 4 
0205 4 4 4 4 5 4 
0207 2 2 2 2 2 2 
0212 2 2 2 2 2 2 
0213 2 2 2 2 2 2 
0214 2 4 2 2 2 2 
0215 5 1000004 5 4 4 5 
0216 1 5 3 2 1 2 
0217 1 4 5 1 2 2 
0218 1 1 4 1 2 3 
0219 5 4 4 4 5 6 
0220 1 3 2 2 1 1 
0221 2 5 4 1 1 2 
0222 1 3 3 2 1 2 
0223 1 3 2 1 1 1 
0224 2 5 5 2 3 3 
0225 4 6 7 4 5 4 
0226 2 4 5 1 3 2 
0227 2 2 3 3 2 3 
0228 3 2 2 2 2 2 
0229 3 1 1 2 2 1 
0230 2 2 4 4 3 4 
0231 4 2 3 2 4 2 
0232 2 3 5 4 3 2 
0233 4 2 2 2 3 2 
0234 2 4 5 4 4 2 
0235 5 4 5 2 2 3 
0236 2 6 1000002 5 2 2 
0237 2 4 1000002 2 2 4 
0238 3 3 1 3 4 3 
0239 3 4 4 3 3 1 
0240 4 4 6 4 4 4 
0241 2 2 2 2 2 2 
0242 3 2 2 2 2 4 
0243 4 6 5 5 4 4 
0244 5 5 6 4 4 5 
0245 4 4 4 5 4 4 
0246 1 1 1 1 1 2 
0247 2 1 1 1 1 2 
0248 1 1 2 2 1 1 
0249 2 2 3 1 3 1 
0250 2 4 5 3 4 2 
0251 3 2 4 2 2 2 
0252 3 3 2 3 4 2 
0253 1 1 4 2 3 1 
0254 1 1 2 1 2 1 
0255 2 2 2 2 2 2 
0256 2 2 2 2 2 2 
0257 1000001 1 2 1 1 2 
0300 2 2 2 1000002 2 2 
0301 4 4 4 4 4 4 
0302 4 4 4 4 4 4 
0303 4 4 4 4 4 4 
0304 1 2 1 1 1 1 
0306 2 2 2 2 2 2 
0307 2 2 2 2 2 2 
0311 2 2 2 2 2 2 
0312 2 2 2 2 2 2 
0313 2 2 2 2 2 3 
0315 5 4 5 4 4 6 
0316 4 5 5 5 8 7 
0317 4 5 5 4 7 7 
0318 1 2 3 1 5 4 
0319 4 4 6 4 8 8 
0320 2 1 1 1 4 3 
0321 2 1 2 2 1 1 
0322 1 1 2 2 3 5 
0323 1 2 1 1 4 5 
0324 4 5 5 4 1000004 1000004 
0325 4 6 4 4 8 6 
0326 3 2 3 2 3 2 
0327 1 1 2 2 2 3 
0328 3 2 1 1 1 5 
0329 2 3 2 4 3 1000002 
0330 5 4 4 2 1000002 1000002 
0331 5 3 2 5 5 2 
0332 3 3 2 5 4 1000002 
0333 4 4 2 3 6 1000002 
0334 4 2 2 4 5 6 
0335 2 2 3 4 2 3 
0336 3 2 2 2 3 4 
0337 3 2 3 2 5 1000001 
0338 3 1 1 3 2 2 
0339 1 1 1 3 1 1 
0340 4 4 4 4 4 4 
0341 3 2 2 2 3 2 
0342 4 4 6 5 5 4 
0343 6 4 4 4 4 4 
0344 4 4 5 6 7 6 
0345 4 4 4 4 6 5 
0346 1 1 2 1 1 1 
0347 1 1 2 1 1 1 
0348 2 3 1 1 2 1 
0349 2 3 1 2 1 1 
0350 3 2 2 3 5 5 
0351 3 4 2 3 1000002 1000002 
0352 4 4 2 3 6 5 
0353 2 2 1 3 1 1 
0354 1 1 1 2 2 3 
0355 2 1 1 1 3 1 
0356 2 1 1 2 2 3 
0357 1000001 1000001 2 2 5 1000001 
0400 1 1 1000001 1000001 1000001 1 
0401 4 4 4 4 4 4 
0402 4 4 4 4 4 4 
0403 4 4 4 4 4 4 
0405 2 2 2 2 2 2 
0406 2 2 2 2 2 2 
0407 2 2 2 2 2 2 
0408 2 2 2 2 2 2 
0411 2 2 2 2 2 2 
0412 2 2 2 2 2 2 
0413 2 2 2 2 2 2 
0414 1 1 2 1 1 1 
0415 5 4 4 4 4 4 
0416 4 8 6 5 4 4 
0417 4 7 7 4 4 4 
0418 1 5 4 1 1 1 
0419 4 8 7 4 4 4 
0420 1 4 5 1 1 1 
0421 2 1 3 1 1 1 
0422 2 3 1 2 1 1 
0423 1 4 5 2 1 1 
0424 1 1000001 5 1 1 1 
0425 5 8 1000004 4 4 4 
0426 2 2 3 2 1 1 
0427 1 2 1 2 1 1 
0428 5 2 4 2 2 3 
0429 5 3 6 5 3 3 
0430 2 1000002 1000002 5 3 2 
0431 4 5 1000002 2 2 2 
0432 4 4 2 4 3 3 
0433 3 6 1000002 4 2 2 
0434 2 5 1000002 3 2 2 
0435 2 2 6 2 2 2 
0436 2 3 3 2 2 2 
0437 1 5 3 1 1 1 
0438 2 3 1000002 2 2 2 
0439 1 1 2 1 1 1 
0440 4 4 4 4 4 4 
0441 5 5 4 4 4 4 
0442 5 5 4 5 4 4 
0443 4 4 4 5 4 4 
0444 4 7 4 4 4 4 
0445 4 6 6 4 4 4 
0446 1 1 2 1 1 1 
0448 1 2 1 1 1 1 
0450 1 4 1 1 1 1 
0451 1 1000001 4 1 1 1 
0452 2 6 1000002 2 2 2 
0453 2 2 5 2 2 2 
0454 2 3 2 2 2 2 
0455 4 4 4 2 2 3 
0456 1 2 1 3 1 1 
0457 1000001 5 3 1 1 1 
0500 1 1 1 1000001 1 1 
0501 4 4 4 4 5 5 
0505 2 2 2 2 2 2 
0506 2 2 2 2 2 2 
0507 2 2 2 2 2 2 
0508 2 2 2 2 2 2 
0509 4 4 4 4 4 4 
0511 2 2 2 2 2 2 
0514 4 4 4 4 5 5 
0515 4 4 4 4 4 5 
0516 4 4 4 4 5 5 
0517 1 1 1 1 2 2 
0518 4 4 4 4 5 5 
0519 1 1 1 1 1 3 
0520 1 1 1 1 4 4 
0521 2 1 1 1 3 1 
0522 1 1 1 2 1 2 
0523 1 1 1 1 4 3 
0524 2 2 2 2 5 5 
0525 4 2 2 2 4 2 
0526 2 2 2 4 2 2 
0527 4 2 2 2 2 2 
0528 5 3 3 4 4 2 
0529 4 3 3 5 6 3 
0530 2 2 2 4 6 5 
0531 5 3 2 2 4 2 
0532 4 2 3 5 5 4 
0533 2 2 2 4 1000002 4 
0534 2 2 2 2 5 5 
0535 2 1 1 1 4 1 
0536 2 2 2 3 3 2 
0537 2 2 2 2 3 5 
0538 1 1 1 1 4 1 
0540 4 4 4 4 4 4 
0541 6 4 4 4 4 4 
0542 4 4 4 6 5 4 
0543 4 4 4 4 5 4 
0544 1 1 1 1 1 4 
0545 1 1 1 1 3 3 
0546 2 2 2 2 3 2 
0547 2 2 2 2 3 2 
0548 2 2 2 2 2 2 
0549 1 1 1 1 2 4 
0550 1 1 1 1 5 5 
0551 1 1 1 1 5 3 
0552 1 1 1 1 3 1 
0553 2 2 2 2 2 3 
0554 1 1 1 1 2 3 
0555 2 1 2 1 1 1 
0556 2 2 2 3 2 4 
0557 1000001 1000001 1 1 3 1000001 
0600 1 1 1000001 1000001 1000001 1 
0601 1 2 1 1 1 1 
0602 1 1 2 1 1 1 
0603 2 2 2 2 2 2 
0605 2 2 2 2 3 2 
0609 4 4 4 4 4 4 
0610 4 4 4 4 4 4 
0611 4 4 4 4 4 4 
0613 4 4 4 4 4 4 
0614 4 5 4 4 4 4 
0615 5 4 5 4 4 5 
0616 1 2 2 2 1 2 
0617 1 2 2 1 2 2 
0618 1 2 2 1 2 3 
0619 5 4 5 4 5 6 
0620 1 4 3 2 1 1 
0621 2 3 4 1 1 2 
0622 1 1 1 2 1 2 
0623 2 5 3 2 2 2 
0624 2 5 4 2 3 3 
0625 2 4 5 2 3 2 
0626 3 2 2 2 4 3 
0627 4 4 4 5 4 5 
0628 5 6 4 4 4 4 
0629 3 5 1 2 2 1 
0630 2 6 3 4 3 4 
0631 4 4 5 2 4 2 
0632 2 5 2 4 3 2 
0633 4 1000002 4 2 3 2 
0634 2 5 4 4 4 2 
0635 5 5 5 2 2 3 
0636 1 2 1 4 1 1 
0637 2 3 2 2 2 4 
0638 4 5 5 2 3 2 
0639 1 1 1 3 1 1 
0641 4 4 4 4 4 4 
0642 5 5 4 4 4 6 
0643 1 2 1 2 1 1 
0644 2 1 1 1 1 2 
0645 2 4 5 3 2 2 
0646 2 3 4 2 2 3 
0647 3 3 2 2 2 3 
0648 2 2 2 3 2 2 
0649 3 3 2 2 4 2 
0650 2 6 5 3 4 2 
0651 3 6 6 2 2 2 
0652 2 3 3 2 3 1 
0653 1 1 1 2 3 1 
0654 1 2 2 1 2 1 
0655 2 2 4 2 2 2 
0657 1000002 4 4 2 2 3 
0700 1 1 1 1000001 1 1 
0702 2 2 2 2 2 2 
0703 2 2 2 2 2 2 
0704 2 3 2 2 2 2 
0709 4 4 4 4 4 4 
0710 4 4 4 4 4 4 
0712 4 4 4 4 4 4 
0713 2 2 2 2 2 2 
0714 1 1 1 1 1 2 
0715 2 1 2 1 1 3 
0716 1 2 2 2 1 3 
0717 1 2 2 1 3 3 
0718 3 4 5 3 4 3 
0719 1 1 3 1 1 2 
0720 2 1 1 1 1 3 
0721 3 2 3 3 2 2 
0722 2 2 3 3 2 2 
0723 2 3 2 2 2 2 
0724 4 5 5 4 4 4 
0725 4 6 4 4 4 4 
0726 5 4 5 4 5 6 
0727 4 4 5 5 4 4 
0728 6 5 4 4 4 4 
0729 2 3 2 4 4 3 
0730 5 4 4 2 2 2 
0731 5 3 2 5 5 2 
0732 3 3 2 5 4 2 
0733 4 4 2 3 2 3 
0734 4 2 2 4 2 2 
0735 2 2 3 4 3 3 
0736 3 2 2 2 4 4 
0737 4 3 4 3 2 3 
0738 4 2 2 4 2 2 
0739 2 2 2 4 3 2 
0741 5 4 4 4 4 4 
0742 1 1 3 2 1 1 
0743 6 4 4 4 4 6 
0744 4 4 5 6 4 4 
0745 4 4 4 4 4 4 
0746 1 1 2 1 1 1 
0747 1 1 2 1 1 1 
0748 2 3 1 1 1 1 
0749 2 3 1 2 2 1 
0750 3 2 2 3 3 2 
0751 3 4 2 3 3 2 
0752 4 4 2 3 3 2 
0753 3 3 2 4 3 2 
0754 2 2 2 3 2 2 
0755 2 1 1 1 1 1 
0756 3 2 2 3 3 2 
0757 1000001 1000001 2 2 2 1000001 
0800 1 1 1000001 1000001 1000001 1 
0804 2 2 2 2 2 2 
0805 2 2 2 2 3 3 
0806 2 2 2 2 2 2 
0809 4 4 4 4 4 4 
0810 4 4 4 4 4 4 
0812 4 4 4 4 4 4 
0814 3 1 1 1 1 2 
0815 4 1 4 5 1 4 
0816 2 1 3 2 1 2 
0817 1 3 3 2 1 1 
0818 2 3 4 2 2 4 
0819 3 2 2 2 3 4 
0820 3 2 3 3 2 3 
0821 2 2 4 3 2 2 
0822 2 2 2 2 2 3 
0823 4 4 4 4 4 4 
0824 4 4 4 4 4 4 
0825 4 4 4 4 4 4 
0826 4 5 4 4 4 4 
0827 4 4 6 4 4 5 
0828 4 4 4 4 4 5 
0829 4 6 4 4 4 5 
0830 2 2 3 2 2 4 
0831 5 5 2 2 2 3 
0832 4 4 2 5 3 2 
0833 4 2 2 4 4 2 
0834 3 2 3 4 4 3 
0835 2 3 2 3 5 4 
0836 2 4 3 2 4 2 
0837 4 2 4 2 2 3 
0838 3 2 3 4 2 2 
0839 2 3 2 3 2 2 
0840 1 1 1 1 3 1 
0841 5 4 4 4 4 4 
0842 1 1 1 2 3 1 
0843 5 4 4 4 5 6 
0844 4 4 6 5 4 4 
0845 4 4 4 4 4 4 
0846 5 4 4 4 4 4 
0847 1 1 1 2 2 2 
0849 2 2 1 1 1 1 
0850 2 2 1 2 1 1 
0851 2 2 1 2 2 1 
0852 4 3 2 3 3 2 
0853 4 3 2 4 2 3 
0854 2 2 2 4 2 2 
0856 1 2 1 1 1 1 
0857 1000001 2 1 1 1 1 
0900 1 1 1 1000001 2 1 
0901 1 1 1 1 1 2 
0902 1 1 1 1 2 2 
0903 1 1 1 1 2 1 
0904 2 3 2 2 2 2 
0905 2 2 3 2 2 2 
0906 2 2 2 2 2 2 
0907 2 2 2 2 2 2 
0912 2 2 2 2 2 2 
0913 5 3 3 3 3 4 
0914 5 1 4 5 1 4 
0915 2 1 2 3 1 1 
0916 1 1 2 2 2 4 
0917 3 1 1 1 3 4 
0918 2 3 4 4 2 4 
0919 2 2 4 2 2 3 
0920 2 2 3 2 2 2 
0921 2 2 2 2 2 2 
0922 2 2 3 2 2 2 
0923 2 2 2 2 2 2 
0924 4 4 4 4 4 4 
0925 4 4 4 4 4 4 
0926 4 4 4 4 4 4 
0927 4 4 5 4 4 5 
0928 4 4 5 4 4 5 
0929 3 2 3 2 2 4 
0930 2 2 4 3 2 3 
0931 3 3 3 2 2 2 
0932 3 4 2 3 2 2 
0933 2 4 2 3 2 2 
0934 2 5 3 2 3 2 
0935 3 4 4 2 2 4 
0936 4 2 2 3 2 5 
0937 3 2 3 4 2 4 
0938 2 2 2 3 2 2 
0939 4 4 2 2 2 3 
0940 1 1 1 3 1 1 
0941 4 6 4 4 4 4 
0942 1 2 1 1 1 1 
0943 4 4 6 4 4 5 
0944 4 4 4 4 4 5 
0945 4 4 4 4 5 4 
0946 4 5 4 4 4 4 
0947 1 1 2 1 1 1 
0950 3 2 1 1 1 1 
0951 1 2 1 3 2 1 
0952 3 1 1 1 1 2 
0953 2 2 3 4 2 2 
0955 2 2 2 2 2 2 
0956 2 1 1 1 1 1 
0957 1000001 1000001 1 2 1 1000001 
1000 1 2 1000001 1000001 1000001 2 
1001 1 1 1 1 3 3 
1002 1 2 2 1 3 2 
1003 1 2 2 1 2 2 
1004 1 1 1 1 3 1 
1005 1 1 1 1 2 1 
1007 2 2 2 2 2 2 
1008 2 2 2 2 2 2 
1013 2 1 1 1 1 1 
1014 3 1 2 2 2 1 
1015 1 1 2 3 3 3 
1016 2 3 2 2 5 5 
1017 2 4 5 2 3 3 
1018 3 2 5 2 2 4 
1019 2 2 4 3 2 2 
1020 2 2 3 2 2 2 
1021 2 2 2 2 2 2 
1022 2 2 2 2 2 2 
1023 4 4 4 4 4 4 
1024 4 4 4 4 4 4 
1025 4 4 4 4 4 4 
1026 4 4 4 4 4 4 
1027 5 4 4 4 4 5 
1028 4 4 5 5 4 5 
1029 4 4 5 4 4 7 
1030 2 2 4 2 3 2 
1031 2 2 3 2 2 3 
1032 3 2 2 2 3 3 
1033 3 2 2 3 5 2 
1034 3 3 2 3 4 4 
1035 4 2 2 3 2 4 
1036 4 2 4 4 2 3 
1037 2 2 5 4 2 2 
1038 2 2 4 2 3 2 
1039 2 2 2 2 3 2 
1040 2 2 3 2 2 2 
1042 4 4 4 4 4 4 
1043 2 1 1 1 1 2 
1044 4 4 5 5 4 4 
1045 5 5 5 4 4 4 
1046 4 4 4 5 4 4 
1050 2 1 1 1 1 1 
1051 2 2 1 2 1 2 
1052 2 1 1 2 1 1 
1053 1 1 2 2 2 1 
1056 2 2 2 2 2 2 
1057 1000001 1 1 1 1 1 
1100 1 3 2 1000001 1 1 
1101 1 3 3 1 1 1 
1102 1 2 2 1 1 2 
1103 1 3 2 1 3 1 
1104 2 3 2 2 4 2 
1105 2 2 2 2 2 2 
1113 2 2 1 1 2 1 
1114 1 3 1 2 1 1 
1115 2 5 4 2 2 2 
1116 2 3 5 2 3 2 
1117 1 1 2 1 1 2 
1118 2 2 4 2 2 2 
1119 2 2 2 2 2 2 
1120 2 2 2 2 2 2 
1121 2 2 2 2 2 2 
1122 1 1 1 1 1 2 
1123 4 4 4 4 4 5 
1124 4 4 4 4 5 5 
1125 4 4 4 4 6 4 
1126 6 4 4 4 4 4 
1127 5 4 5 6 4 4 
1128 4 2 3 3 2 2 
1129 2 3 5 4 3 3 
1130 4 2 2 2 2 5 
1131 2 3 3 4 2 3 
1132 4 5 3 2 4 2 
1133 2 4 2 4 4 4 
1134 2 2 4 2 3 3 
1135 3 2 4 2 2 3 
1136 2 2 3 3 2 2 
1137 2 3 2 2 2 2 
1138 3 3 2 2 2 2 
1139 2 2 2 3 2 2 
1140 2 2 2 2 2 2 
1142 6 4 4 4 4 5 
1143 1 1 2 3 1 1 
1144 4 4 4 4 4 5 
1145 4 4 4 4 4 4 
1146 2 2 2 2 2 2 
1148 1 1 1 1 1 2 
1149 2 1 1 1 2 1 
1150 3 1 1 2 1 1 
1151 1 1 2 3 1 1 
1152 3 2 1 1 1 1 
1153 1 1 1 3 2 1 
1155 2 2 2 2 2 2 
1156 3 3 3 3 3 3 
1157 1000001 1000001 1 1 1 1000001 
1200 2 2 1000002 1000002 1000002 2 
1201 2 2 2 2 2 2 
1202 3 2 2 2 2 3 
1203 2 4 3 3 2 3 
1204 4 4 2 2 4 2 
1205 3 2 2 4 3 2 
1206 2 2 2 3 2 2 
1207 2 2 2 2 2 2 
1211 1 3 3 3 1 3 
1213 1 2 1 1 1 1 
1214 1 1 1 1 2 2 
1215 1 1 1 1 2 1 
1216 2 3 2 2 2 2 
1217 2 2 2 2 2 2 
1218 2 2 3 2 2 3 
1219 2 2 2 2 3 2 
1220 1 1 1 1 1 3 
1221 1 1 1 1 2 1 
1222 1 1 1 1 1 2 
1223 1 1 2 1 1 3 
1224 4 5 5 4 5 5 
1225 5 6 5 4 5 5 
1226 5 4 4 5 4 4 
1227 5 4 4 5 5 4 
1228 3 2 2 3 4 2 
1229 2 3 2 3 4 2 
1230 4 2 3 2 2 4 
1231 2 2 5 4 2 3 
1232 4 4 3 2 2 2 
1233 2 4 2 4 3 2 
1234 2 3 4 2 2 5 
1235 2 2 3 2 5 5 
1236 2 2 3 2 4 5 
1237 2 2 2 2 5 4 
1238 3 2 2 2 4 3 
1239 2 2 2 3 2 2 
1240 3 2 2 2 3 2 
1241 1 1 1 2 2 1 
1242 2 1 1 1 1 1 
1243 4 4 5 5 5 4 
1245 2 2 3 2 2 3 
1246 2 2 2 2 2 2 
1248 2 2 2 2 2 2 
1249 2 3 3 2 2 2 
1250 2 1 1 1 1 2 
1251 2 1 1 2 1 2 
1252 1 1 1 2 1 1 
1253 3 2 1 1 3 1 
1254 1 1 1 3 2 1 
1255 2 2 2 2 2 2 
1256 2 2 2 2 2 2 
1257 1000002 2 2 2 2 2 
1300 2 2 2 1000002 2 2 
1301 4 2 2 2 2 2 
1302 2 2 3 4 3 2 
1303 6 4 3 2 2 4 
1304 4 3 2 6 3 3 
1305 2 2 2 4 2 2 
1306 2 2 2 2 2 2 
1307 2 2 2 2 2 2 
1309 1 3 1 3 3 3 
1310 3 1 3 1 3 3 
1312 2 2 2 2 2 2 
1313 2 3 2 2 2 3 
1314 2 3 3 2 3 2 
1315 3 2 2 2 2 2 
1316 2 2 2 3 2 2 
1317 2 2 2 2 2 2 
1318 2 3 3 2 2 3 
1319 2 2 2 2 4 4 
1320 1 2 3 1 1 1 
1321 4 4 4 4 5 5 
1322 5 4 5 4 4 6 
1323 4 5 6 5 4 4 
1324 7 5 5 4 4 6 
1325 2 2 3 5 2 2 
1326 2 3 2 2 2 2 
1327 2 3 1 1 2 1 
1328 3 4 2 3 4 3 
1329 3 2 2 3 5 2 
1330 3 2 4 3 2 2 
1331 3 2 3 3 2 2 
1332 2 3 2 3 4 3 
1333 3 2 2 2 4 6 
1334 2 5 5 3 3 4 
1335 2 4 5 2 3 4 
1336 2 5 5 2 3 3 
1337 2 4 4 2 4 3 
1338 2 2 3 2 4 2 
1339 3 3 2 2 3 2 
1340 2 2 1 2 1 1 
1341 1 1 1 2 1 1 
1342 1 2 1 1 1 1 
1343 4 4 4 4 4 4 
1344 2 1 1 1 1 1 
1345 1 1 2 2 2 1 
1347 1 1 1 1 2 2 
1348 2 2 2 2 2 2 
1349 2 1 1 1 2 1 
1350 3 2 3 3 2 3 
1351 3 2 3 3 2 3 
1352 4 4 2 3 2 2 
1353 2 2 1 3 2 1 
1354 1 1 1 2 1 1 
1357 1000001 1000001 1 1 1 1000001 
1400 2 2 1000002 1000002 1000002 2 
1401 3 2 2 2 2 3 
1402 3 3 2 3 2 2 
1403 3 2 2 3 2 2 
1404 5 3 4 3 2 4 
1405 3 2 3 5 2 3 
1406 2 2 2 3 2 2 
1407 2 2 2 2 2 2 
1408 4 4 4 4 4 4 
1409 3 3 1 3 3 1 
1412 3 2 2 2 2 3 
1413 2 2 2 3 2 2 
1414 3 3 3 2 2 4 
1415 3 2 2 3 2 4 
1416 2 2 2 3 2 2 
1417 2 1 1 1 1 1 
1418 3 2 2 3 2 2 
1419 1 3 2 2 2 1 
1420 4 4 6 4 4 6 
1421 4 5 4 4 6 5 
1422 3 2 3 2 3 3 
1423 2 1 3 2 1 2 
1424 4 2 2 3 2 2 
1425 2 2 4 4 3 3 
1426 2 2 2 2 4 2 
1427 1 2 1 1 2 1 
1428 2 4 2 2 2 2 
1429 4 5 3 2 3 2 
1430 3 2 2 4 3 2 
1431 2 2 2 3 3 3 
1432 2 4 2 2 2 2 
1433 3 4 3 2 3 4 
1434 2 3 6 3 2 2 
1435 2 3 4 2 2 2 
1436 2 3 4 2 2 2 
1437 2 4 3 2 2 2 
1438 2 4 3 2 2 2 
1439 1 2 1 1 1 1 
1440 2 1 1 1 2 2 
1441 2 2 2 3 2 2 
1442 2 2 2 2 2 2 
1444 4 4 4 4 4 4 
1445 1 2 1 1 1 1 
1447 2 3 2 2 2 2 
1448 2 2 3 2 2 2 
1449 2 2 1 1 1 1 
1450 4 2 2 3 2 2 
1451 3 2 3 4 3 2 
1452 2 2 3 3 3 2 
1453 3 2 1 1 2 1 
1454 1 1 1 3 2 1 
1456 2 2 2 2 2 2 
1457 1000001 1 1 1 1 1 
1500 3 2 2 1000002 2 3 
1501 2 2 3 3 2 2 
1502 2 2 2 2 2 2 
1503 5 2 2 2 2 4 
1504 3 2 4 5 2 3 
1505 2 2 3 3 2 2 
1506 2 2 2 2 2 2 
1507 2 2 2 2 2 2 
1508 4 4 4 4 4 4 
1511 2 1 1 1 1 2 
1512 2 2 3 3 2 2 
1513 4 2 2 2 2 3 
1514 3 2 4 4 2 3 
1515 1 1 3 2 1 1 
1517 2 2 2 2 2 2 
1518 3 2 1 1 1 2 
1519 3 2 2 4 2 2 
1520 2 4 4 3 2 3 
1521 2 3 3 2 2 3 
1522 3 2 3 2 3 4 
1523 2 2 3 3 2 2 
1524 2 3 2 2 2 4 
1525 2 4 3 2 4 2 
1526 3 3 2 2 3 2 
1527 1 1 1 2 2 2 
1528 4 3 2 2 3 2 
1529 3 3 2 4 4 2 
1530 5 3 2 3 4 4 
1531 2 2 3 5 2 2 
1532 2 3 2 2 2 2 
1533 2 2 4 2 2 2 
1534 2 2 2 2 2 2 
1539 1 2 1 1 1 1 
1540 2 2 3 2 2 2 
1541 2 2 2 2 2 2 
1543 4 4 4 4 4 4 
1546 2 2 2 2 2 2 
1547 2 2 2 2 2 2 
1548 1 1 1 1 1 2 
1549 2 1 1 1 2 2 
1550 4 3 2 3 2 3 
1551 3 2 1 3 1 3 
1552 5 3 2 4 2 3 
1553 3 2 1 4 2 2 
1554 2 2 2 4 2 2 
1555 2 2 2 2 2 2 
1556 3 3 3 3 3 3 
1557 1000002 1000002 2 2 2 1000002 
1600 4 2 1000002 1000002 1000002 4 
1601 3 2 3 4 2 2 
1602 2 2 2 3 2 2 
1603 4 2 2 2 2 4 
1604 4 2 4 4 2 3 
1605 2 2 3 4 2 2 
1606 4 4 4 4 4 4 
1607 2 2 2 2 2 2 
1608 4 4 4 4 4 4 
1609 4 4 4 4 4 4 
1611 2 1 1 1 1 1 
1612 2 2 3 3 2 2 
1613 2 1 1 1 1 2 
1614 4 2 3 3 2 3 
1615 1 1 2 3 1 1 
1616 2 2 2 2 2 2 
1617 2 2 2 2 2 2 
1619 3 2 3 2 2 2 
1620 2 2 2 3 3 4 
1621 2 2 3 2 3 3 
1622 2 3 3 2 2 2 
1623 2 2 4 2 2 2 
1624 3 2 2 2 3 2 
1625 2 3 3 2 2 1 
1626 3 3 2 3 3 2 
1627 1 2 1 2 2 1 
1628 2 2 2 1 1 1 
1629 2 3 1 2 1 1 
1630 2 4 2 3 3 3 
1631 3 2 4 2 2 3 
1632 2 2 2 3 2 2 
1633 2 2 2 2 2 2 
1637 4 4 4 4 4 4 
1638 4 4 4 4 4 4 
1639 4 4 4 4 4 4 
1641 2 2 2 2 2 2 
1642 2 2 2 2 2 2 
1644 4 4 4 4 4 4 
1648 2 1 1 1 1 1 
1649 1 2 2 2 2 1 
1650 2 1 2 1 1 3 
1651 4 1 2 2 1 3 
1652 3 2 4 5 2 2 
1653 5 3 3 3 2 3 
1654 1 1 2 4 2 1 
1655 2 2 2 2 3 2 
1656 2 2 2 2 3 2 
1657 1000001 1 1 1 1 1 
1700 2 2 4 1000002 2 3 
1701 2 2 2 2 3 4 
1702 3 2 2 2 4 4 
1703 3 2 4 3 2 3 
1704 2 2 3 3 2 2 
1705 4 4 4 4 4 4 
1706 4 4 4 4 4 4 
1707 2 2 2 2 2 2 
1708 4 4 4 4 4 4 
1710 2 1 1 1 1 1 
1711 1 1 1 2 1 1 
1712 1 1 1 1 1 3 
1713 3 2 3 2 2 3 
1714 2 2 3 3 2 3 
1715 2 2 2 2 3 3 
1716 2 2 2 2 2 2 
1717 1 1 1 1 1 2 
1718 2 2 2 2 3 2 
1719 2 3 2 2 3 3 
1720 2 3 4 2 2 2 
1721 1 1 2 1 1 1 
1722 2 2 2 2 2 2 
1723 3 3 2 2 2 2 
1724 1 2 1 2 1 1 
1725 2 2 1 1 1 1 
1726 2 3 2 3 2 2 
1727 3 2 2 2 3 2 
1728 2 2 2 3 2 2 
1729 1 2 1 1 1 1 
1730 1 1 2 1 1 1 
1731 2 2 3 2 2 2 
1732 2 2 2 2 2 2 
1735 4 4 4 4 4 4 
1736 4 4 4 4 4 4 
1737 4 4 4 4 4 4 
1738 4 4 4 4 4 4 
1739 4 4 4 4 4 4 
1743 4 4 4 4 4 4 
1744 1 1 1 1 1 2 
1745 2 2 2 2 2 3 
1746 1 1 1 1 2 1 
1748 3 3 2 2 3 2 
1749 3 1 1 2 1 2 
1750 2 1 3 3 1 1 
1751 2 2 4 3 2 3 
1752 4 2 2 2 3 2 
1753 1 2 2 3 2 2 
1754 2 3 2 2 4 4 
1755 2 2 1 1 4 1 
1756 1 1 1 2 2 1 
1757 1000001 1000001 1 1 1 1000001 
1800 4 2 1000002 1000002 1000002 5 
1801 1 2 2 3 2 3 
1802 2 4 4 2 3 3 
1803 2 2 4 2 2 3 
1804 2 2 3 2 2 3 
1807 2 2 2 2 2 2 
1808 2 2 2 2 2 2 
1812 2 1 1 1 1 2 
1813 4 4 6 5 4 4 
1814 3 2 3 2 2 2 
1815 2 3 3 3 3 2 
1816 2 2 3 2 2 2 
1818 2 3 3 2 2 2 
1819 2 3 2 2 2 2 
1820 2 2 3 2 2 2 
1821 2 2 2 2 2 2 
1824 2 1 1 1 1 3 
1825 1 1 1 2 1 1 
1826 2 2 2 2 2 3 
1827 4 3 2 2 3 2 
1828 3 2 2 4 2 2 
1829 2 2 2 3 2 2 
1830 2 2 2 2 2 2 
1831 2 2 2 2 2 2 
1832 2 2 2 2 2 2 
1834 4 4 4 4 4 4 
1835 4 4 4 4 4 4 
1836 5 4 4 4 4 4 
1837 2 2 2 3 2 2 
1838 2 2 2 2 2 2 
1839 4 4 4 4 4 4 
1840 4 4 4 4 4 4 
1841 4 4 4 4 4 4 
1843 4 4 4 4 4 4 
1845 1 1 2 1 1 2 
1846 3 3 3 2 2 2 
1847 2 1 1 2 2 1 
1848 3 3 2 3 3 2 
1849 5 2 2 3 2 2 
1850 3 2 3 5 3 2 
1851 2 2 2 3 4 4 
1852 2 3 3 2 3 2 
1853 2 3 2 2 3 3 
1854 1 3 2 1 2 1 
1855 4 4 3 1 1 2 
1856 2 2 1 4 2 1 
1857 1000002 2 2 3 2 2 
1900 1 2 4 1000003 1 2 
1901 2 3 4 2 2 2 
1902 2 2 3 2 2 2 
1903 2 2 3 2 2 2 
1904 2 2 3 2 2 2 
1906 4 4 4 4 4 4 
1907 2 2 2 2 2 2 
1912 2 2 3 2 2 2 
1913 2 2 2 2 2 2 
1914 2 3 2 2 2 2 
1915 4 4 4 4 4 4 
1917 2 2 2 2 2 2 
1918 2 2 2 2 2 2 
1919 2 2 2 2 2 2 
1920 2 2 2 2 2 2 
1921 1 1 1 1 1 2 
1922 1 1 1 1 1 2 
1923 2 1 1 1 1 2 
1924 1 1 3 2 1 1 
1925 4 3 3 3 3 4 
1926 1 2 2 2 1 1 
1927 4 2 2 2 3 4 
1928 2 2 2 4 2 2 
1929 2 2 2 2 2 2 
1932 4 4 4 4 4 4 
1934 4 4 4 4 4 4 
1935 4 4 4 4 4 4 
1937 2 2 2 2 2 2 
1938 4 4 4 4 4 4 
1939 4 4 4 4 4 4 
1940 3 3 3 3 3 3 
1942 4 4 4 4 4 4 
1944 3 1 1 1 1 1 
1945 1 1 2 3 2 1 
1946 3 3 2 2 2 2 
1947 2 3 2 3 2 2 
1948 4 2 2 2 2 2 
1949 2 3 2 4 3 2 
1950 2 4 2 2 4 4 
1951 2 3 4 2 4 2 
1952 2 3 2 2 3 3 
1953 2 2 2 1 2 1 
1954 2 1 1 2 2 1 
1955 5 3 3 3 2 3 
1956 2 2 2 5 3 2 
1957 1000001 1000001 1 1 1 1000001 
2000 1 1 1000003 1000003 1000003 2 
2001 2 2 3 2 3 2 
2002 2 2 2 2 2 2 
2003 2 2 2 2 2 2 
2004 2 2 2 2 2 2 
2007 4 4 4 4 4 4 
2012 2 2 2 2 2 2 
2013 2 2 2 2 2 2 
2014 4 4 4 4 4 4 
2015 4 4 4 4 4 4 
2016 2 2 2 2 2 2 
2017 2 2 2 2 2 2 
2018 2 2 2 2 2 3 
2019 1 1 1 1 1 2 
2020 1 1 1 1 2 2 
2021 1 1 1 1 2 3 
2022 1 1 2 1 1 3 
2023 1 1 2 1 1 1 
2024 1 1 2 1 1 1 
2025 3 1 1 1 1 3 
2026 1 1 2 3 1 1 
2027 1 2 1 1 1 1 
2028 2 2 4 2 2 2 
2029 2 2 2 2 2 2 
2030 2 2 2 2 2 2 
2032 4 4 4 4 4 4 
2033 4 4 4 4 4 4 
2034 3 3 1 3 1 3 
2036 2 2 2 2 2 2 
2037 2 2 2 2 2 2 
2038 4 4 4 4 4 4 
2039 4 4 4 4 4 4 
2040 4 4 4 4 4 4 
2041 3 3 3 3 3 3 
2042 4 4 4 4 4 4 
2044 2 1 1 1 1 1 
2045 1 2 1 2 2 1 
2046 2 2 2 2 2 2 
2047 2 2 2 2 2 2 
2048 2 2 2 2 2 2 
2049 2 3 2 2 2 2 
2050 2 4 2 2 2 2 
2051 2 4 4 2 2 2 
2052 2 3 2 2 3 2 
2053 3 3 3 2 2 2 
2054 3 3 2 3 2 2 
2055 4 2 2 3 2 5 
2056 3 3 3 4 2 2 
2057 1000001 1 1 2 1 1 
2100 5 5 5 1000004 4 4 
2101 2 2 2 3 2 2 
2102 2 2 2 2 2 2 
2105 4 4 4 4 4 4 
2106 4 4 4 4 4 4 
2107 2 2 2 2 2 2 
2112 4 4 4 4 4 4 
2113 4 4 4 4 4 4 
2114 4 4 4 4 4 4 
2116 2 2 2 2 2 3 
2117 1 1 1 1 2 3 
2118 3 3 4 3 4 4 
2119 1 2 2 1 2 2 
2120 1 2 2 1 1 2 
2121 1 1 3 1 1 1 
2122 1 1 3 1 1 3 
2123 4 4 4 4 5 6 
2124 2 1 1 1 1 3 
2125 2 1 3 2 1 2 
2126 1 1 1 2 1 1 
2127 2 2 2 2 2 2 
2128 2 2 2 2 2 2 
2129 2 2 2 2 2 2 
2131 4 4 4 4 4 4 
2132 4 4 4 4 4 4 
2133 3 1 3 3 1 3 
2134 3 3 3 3 3 3 
2136 2 2 2 2 2 2 
2137 2 2 2 2 3 2 
2138 4 4 4 4 4 4 
2139 4 4 4 4 4 4 
2140 4 4 4 4 4 4 
2141 4 4 4 4 4 4 
2144 1 2 1 1 1 1 
2146 2 2 2 2 2 2 
2147 2 2 2 2 3 2 
2148 2 2 2 2 2 2 
2149 2 2 2 2 2 2 
2151 1 2 1 1 1 1 
2152 3 2 2 2 2 2 
2153 2 1 1 2 2 1 
2154 4 2 2 3 2 4 
2155 2 2 5 4 2 3 
2156 1 1 1 1 1 2 
2157 1000001 1000001 1 1 1 1000001 
2200 6 4 1000004 1000004 1000004 4 
2201 4 4 4 6 5 4 
2202 2 1 1 1 1 1 
2203 1 1 1 2 1 1 
2206 2 2 2 2 2 2 
2209 2 2 2 2 2 2 
2213 4 4 4 4 4 4 
2214 4 4 4 4 4 4 
2216 2 1 1 1 1 1 
2217 1 2 2 2 1 1 
2218 1 2 3 1 1 1 
2219 1 2 2 1 1 3 
2220 1 1 2 1 3 2 
2221 1 1 2 1 2 2 
2222 3 1 1 1 2 3 
2223 1 2 3 3 1 2 
2224 4 4 6 4 5 4 
2225 1 1 3 1 1 1 
2226 1 1 2 1 1 1 
2227 2 2 2 2 2 2 
2228 2 2 2 2 2 2 
2229 2 2 2 2 2 2 
2230 4 4 4 4 4 4 
2231 4 4 4 4 4 4 
2232 4 4 4 4 4 4 
2234 2 2 2 2 2 2 
2236 2 2 2 2 2 2 
2237 1 2 1 1 1 1 
2239 4 4 4 4 4 4 
2240 4 4 4 4 4 4 
2241 4 4 4 4 4 4 
2247 1 2 1 1 1 1 
2248 2 2 2 2 2 2 
2249 2 2 2 2 2 2 
2250 2 2 2 2 2 2 
2251 2 2 2 2 2 2 
2252 2 2 2 2 2 2 
2253 4 3 2 2 2 3 
2254 3 2 2 4 2 2 
2255 3 2 4 3 2 2 
2256 2 2 3 3 2 2 
2257 1000001 1 2 1 1 1 
2300 2 3 2 1000002 4 2 
2301 3 2 2 2 3 2 
2302 2 2 2 3 3 2 
2305 2 2 2 2 2 2 
2313 1 3 3 1 3 4 
2315 4 4 4 4 5 6 
2316 5 4 4 4 5 5 
2317 4 4 4 5 4 4 
2318 5 4 4 4 4 5 
2319 2 4 4 3 2 2 
2320 1 2 2 1 2 2 
2321 1 2 2 1 2 2 
2322 2 1 3 1 1 2 
2323 1 2 2 2 1 1 
2324 4 4 4 4 4 4 
2329 4 4 4 4 4 4 
2330 4 4 4 4 4 4 
2331 4 4 4 4 4 5 
2333 2 2 2 2 2 2 
2334 2 2 2 2 2 2 
2339 4 4 4 4 4 4 
2340 4 4 4 4 4 4 
2343 2 2 2 2 2 2 
2344 2 2 2 2 2 2 
2345 1 1 1 1 1 2 
2346 1 1 1 1 2 1 
2347 2 2 2 2 2 2 
2348 2 2 2 2 2 2 
2349 2 2 2 2 2 2 
2351 2 2 2 2 2 2 
2352 3 2 2 2 2 3 
2353 2 2 3 3 2 2 
2354 3 2 2 2 2 3 
2355 2 2 2 3 2 2 
2357 1000001 1000001 1 1 1 1000001 
2400 3 4 1000002 1000002 1000002 2 
2401 3 3 2 3 2 2 
2402 3 3 2 3 2 2 
2403 1 1 1 2 1 1 
2406 3 3 3 3 3 3 
2409 2 2 2 2 2 2 
2410 2 2 2 2 2 2 
2413 4 4 4 4 4 4 
2414 4 4 5 4 4 5 
2415 4 5 4 4 4 6 
2416 4 5 6 4 5 4 
2417 4 4 5 4 4 6 
2418 4 4 4 4 4 5 
2419 1 1 2 1 1 1 
2420 1 2 1 1 1 1 
2421 1 2 2 1 1 1 
2422 1 1 2 1 1 1 
2423 1 1 2 1 1 1 
2429 4 4 4 4 4 4 
2430 4 4 4 4 4 4 
2431 4 4 4 4 4 4 
2432 1 1 2 1 1 1 
2433 2 2 2 2 2 2 
2434 2 2 2 2 2 2 
2438 2 2 2 2 2 2 
2444 4 4 4 4 4 4 
2445 2 2 2 2 2 3 
2446 1 2 2 1 1 1 
2448 1 1 1 1 1 2 
2449 1 1 1 1 2 3 
2450 2 2 2 2 3 2 
2451 2 2 2 2 2 2 
2452 3 1 1 1 1 3 
2453 2 2 3 4 2 2 
2454 3 2 2 2 2 3 
2455 1 1 2 2 1 1 
2456 2 2 2 2 2 2 
2457 1000002 2 2 2 2 2 
2500 3 2 2 1000002 3 4 
2501 3 2 2 3 2 3 
2502 2 2 2 3 2 2 
2508 2 2 2 2 2 2 
2509 2 2 2 2 2 2 
2510 2 2 2 2 2 2 
2511 1 1 1 1 1 2 
2512 4 4 4 4 5 6 
2513 5 4 4 4 6 6 
2514 4 4 5 5 4 4 
2515 3 3 4 2 2 3 
2516 3 2 2 3 2 4 
2517 4 4 6 5 4 4 
2518 2 2 3 2 2 3 
2519 2 2 2 2 2 3 
2520 2 2 2 2 2 2 
2521 2 2 2 2 2 2 
2522 2 2 2 2 2 2 
2525 2 2 2 2 2 2 
2527 2 2 2 2 2 2 
2528 4 4 4 4 4 4 
2529 4 4 4 4 4 4 
2530 4 4 4 4 4 4 
2532 2 2 2 2 2 2 
2533 2 2 2 2 2 2 
2534 2 2 2 2 2 2 
2535 2 2 2 2 2 2 
2538 2 2 2 2 2 2 
2539 2 2 2 2 2 2 
2540 2 2 2 2 2 2 
2541 1 1 1 1 1 2 
2542 4 4 4 4 4 5 
2543 4 4 4 4 5 5 
2544 3 2 2 2 2 3 
2545 1 1 2 2 1 1 
2546 2 2 2 2 2 2 
2547 3 2 2 2 2 2 
2548 2 3 3 3 2 3 
2549 2 3 4 2 2 2 
2550 2 2 2 2 4 3 
2551 3 2 2 2 3 3 
2552 2 2 4 3 2 2 
2553 3 2 2 2 2 2 
2554 2 2 3 3 2 2 
2556 2 2 2 2 2 2 
2557 1000001 1000001 1 1 1 1000001 
2600 2 3 1000002 1000002 1000002 2 
2601 2 2 4 2 2 3 
2602 2 2 3 2 2 2 
2603 2 2 2 2 2 2 
2605 2 2 2 2 2 2 
2606 2 2 2 2 2 2 
2607 2 2 2 2 2 2 
2609 2 2 2 2 2 2 
2610 2 2 2 2 2 2 
2611 3 2 2 2 2 3 
2612 1 2 2 2 1 2 
2613 2 4 4 2 2 2 
2614 2 2 4 2 2 4 
2615 3 2 2 2 4 4 
2616 4 2 3 3 2 4 
2617 2 2 4 4 2 2 
2618 2 2 2 2 2 2 
2619 2 2 3 2 2 2 
2620 2 2 3 2 2 2 
2621 2 2 2 2 2 2 
2622 2 2 2 2 2 2 
2626 2 2 2 2 2 2 
2627 4 4 4 4 4 4 
2628 4 4 4 4 4 4 
2629 4 4 4 4 4 4 
2630 4 4 4 4 4 4 
2633 2 2 2 2 2 2 
2634 2 2 2 2 2 2 
2635 2 2 2 2 2 2 
2636 2 2 2 2 2 2 
2638 2 2 2 2 2 2 
2639 2 2 2 2 2 2 
2640 2 2 2 2 2 2 
2641 3 2 2 2 2 3 
2642 1 1 2 2 1 2 
2643 4 5 5 4 4 4 
2644 1 1 2 1 1 1 
2645 1 1 2 1 1 1 
2647 2 2 2 2 2 2 
2648 4 2 2 2 2 3 
2649 2 2 3 4 2 2 
2650 2 4 2 2 2 3 
2651 2 3 3 2 4 3 
2652 2 2 3 2 3 2 
2653 5 4 4 4 4 6 
2654 5 4 4 5 4 4 
2655 2 2 2 3 2 2 
2657 1000001 1 1 1 1 1 
2700 2 2 2 1000002 2 2 
2701 2 2 3 2 2 2 
2702 2 2 2 2 2 2 
2703 2 2 2 2 2 2 
2709 2 2 2 2 2 2 
2710 3 2 2 2 2 2 
2711 2 1 2 2 1 1 
2712 2 2 3 3 2 2 
2713 2 2 2 2 2 2 
2714 2 4 4 2 2 3 
2715 3 2 4 2 3 4 
2716 2 2 4 3 2 4 
2717 2 2 2 2 2 2 
2718 2 2 2 2 2 2 
2719 2 2 2 2 2 2 
2720 2 2 2 2 2 2 
2721 2 2 2 2 2 2 
2725 2 2 2 2 2 2 
2726 4 4 4 4 4 4 
2727 4 4 4 4 4 4 
2728 4 4 4 4 4 4 
2729 4 4 4 4 4 4 
2733 2 2 2 2 2 2 
2734 2 2 2 2 2 2 
2735 2 2 2 2 2 2 
2738 3 2 2 2 2 3 
2739 2 2 2 3 2 2 
2740 3 2 2 2 2 2 
2741 2 1 2 2 1 1 
2742 1 1 2 2 1 2 
2743 2 2 2 2 2 2 
2744 2 2 2 2 3 2 
2745 4 4 4 4 4 4 
2746 2 2 2 2 2 2 
2747 2 2 2 2 3 2 
2748 4 2 3 2 2 3 
2749 2 2 2 4 2 2 
2750 4 6 5 4 4 4 
2751 3 3 3 2 2 2 
2752 4 2 2 3 2 4 
2753 4 4 6 6 4 4 
2754 2 2 2 2 2 2 
2755 2 2 2 2 2 2 
2756 2 1 1 1 1 2 
2757 1000001 1000001 1 2 1 1000001 
2800 2 2 1000002 1000002 1000002 2 
2801 2 2 2 2 2 2 
2802 2 2 2 2 2 2 
2803 2 2 2 2 2 2 
2806 2 2 2 2 2 2 
2809 2 2 2 2 2 2 
2810 2 1 1 1 1 1 
2811 2 1 1 2 2 1 
2812 1 1 1 2 2 1 
2813 3 2 2 2 3 2 
2814 4 2 2 3 2 2 
2815 2 3 3 4 2 2 
2816 3 2 4 2 2 2 
2817 2 2 4 3 2 2 
2818 2 2 2 2 2 2 
2819 2 2 2 2 2 2 
2820 2 2 2 2 2 2 
2821 2 2 2 2 2 2 
2822 4 4 4 4 4 4 
2823 4 4 4 4 4 4 
2824 3 3 3 3 3 3 
2825 4 4 4 4 4 4 
2826 4 4 4 4 4 4 
2827 4 4 4 4 4 4 
2828 4 4 4 4 4 4 
2829 4 4 4 4 4 4 
2832 2 2 2 2 2 2 
2835 2 2 2 2 2 2 
2838 2 2 2 2 2 2 
2839 2 2 3 2 2 2 
2840 2 1 1 1 1 1 
2841 2 1 1 2 1 1 
2842 1 1 1 2 2 1 
2843 2 2 3 2 2 2 
2844 4 5 4 4 4 4 
2845 4 4 4 4 5 4 
2846 5 4 4 4 5 4 
2847 4 5 4 5 5 4 
2848 2 2 2 2 3 3 
2849 3 2 3 2 2 3 
2850 4 4 4 5 4 4 
2851 3 2 2 2 2 5 
2852 4 2 2 3 2 4 
2853 2 2 4 4 2 2 
2854 4 4 4 4 4 4 
2856 2 1 1 1 1 1 
2857 1000001 1 2 2 2 1 
2900 2 2 2 1000002 2 2 
2901 2 2 2 2 2 2 
2902 2 2 2 2 2 2 
2903 2 2 2 2 2 2 
2904 2 2 2 2 2 2 
2908 2 2 2 2 2 2 
2909 2 2 2 2 2 2 
2910 2 3 2 2 2 2 
2911 2 2 1 1 1 1 
2912 2 3 2 3 3 4 
2913 3 2 2 2 4 3 
2914 3 2 2 3 2 3 
2915 2 2 2 3 2 2 
2916 2 2 2 2 2 2 
2917 2 2 2 2 2 2 
2918 2 2 2 2 2 2 
2919 4 4 4 4 4 4 
2920 4 4 4 4 4 4 
2921 4 4 4 4 4 4 
2922 4 4 4 4 4 4 
2923 4 4 4 4 4 4 
2924 4 4 4 4 4 4 
2925 4 4 4 4 4 4 
2926 3 3 3 3 3 3 
2927 4 4 4 4 4 4 
2928 4 4 4 4 4 4 
2930 4 4 4 4 4 4 
2931 2 2 2 2 2 2 
2932 2 2 2 2 2 2 
2934 2 2 2 2 2 2 
2935 2 2 2 2 2 2 
2936 2 2 2 2 2 2 
2937 2 2 2 2 2 2 
2938 4 4 4 4 4 4 
2939 2 2 2 2 2 2 
2940 2 2 2 2 2 2 
2941 1 2 1 1 2 1 
2942 2 2 2 2 3 3 
2943 2 2 2 2 2 2 
2944 2 3 2 2 2 2 
2945 3 3 2 2 2 3 
2946 5 3 2 3 2 2 
2947 2 3 2 5 3 2 
2948 2 2 3 2 2 2 
2949 4 4 5 4 4 4 
2950 6 4 4 4 4 6 
2951 2 2 5 4 2 4 
2952 5 4 6 4 4 5 
2953 4 4 4 5 4 4 
2956 1 2 1 1 1 1 
2957 1000001 1000001 1 1 1 1000001 
3000 1 1 1000001 1000001 1000001 1 
3006 2 2 2 2 2 2 
3007 2 2 2 2 2 3 
3008 2 2 2 2 4 3 
3009 2 2 2 2 4 2 
3010 2 2 2 2 2 2 
3012 1 2 1 1 1 1 
3013 2 4 4 2 2 2 
3014 3 2 3 2 2 3 
3015 2 2 3 3 2 2 
3016 2 2 2 2 2 2 
3017 2 2 2 2 2 2 
3018 4 4 4 4 4 4 
3019 4 4 4 4 4 4 
3020 4 4 4 4 4 4 
3021 4 4 4 4 4 4 
3022 4 4 4 4 4 4 
3023 4 4 4 4 4 4 
3024 4 4 4 4 4 4 
3025 4 4 4 4 4 4 
3026 4 4 4 4 4 4 
3027 4 4 4 4 4 4 
3028 4 4 4 4 4 4 
3030 2 2 2 2 2 2 
3032 2 2 2 2 2 2 
3033 2 2 2 2 2 2 
3034 4 4 4 4 4 4 
3035 2 2 2 2 2 2 
3036 4 4 4 4 4 4 
3037 2 2 2 2 2 2 
3038 4 4 4 4 4 4 
3039 2 2 2 2 2 2 
3041 1 2 1 1 1 1 
3042 2 3 2 2 2 2 
3043 2 2 3 2 2 2 
3044 2 2 2 2 2 2 
3045 2 2 2 2 2 2 
3046 2 2 3 2 2 2 
3047 3 3 2 2 3 2 
3048 3 2 2 3 3 2 
3049 4 4 4 5 4 5 
3050 6 4 4 4 4 7 
3051 5 4 6 6 4 5 
3052 4 4 6 5 4 4 
3053 2 2 3 2 2 2 
3054 2 2 2 2 2 2 
3057 1000001 1 1 1 1 1 
3100 1 1 1 1000001 1 1 
3101 2 2 2 2 2 2 
3104 1 1 1 1 1 3 
3105 1 1 1 1 1 3 
3106 1 1 1 1 2 3 
3107 1 3 2 1 2 1 
3108 3 3 2 1 1 1 
3109 2 2 2 4 2 2 
3112 2 2 2 2 2 2 
3113 2 2 2 2 2 2 
3114 2 2 3 2 2 2 
3115 2 2 2 2 2 2 
3116 2 2 2 2 2 2 
3117 4 4 4 4 4 4 
3118 4 4 4 4 4 4 
3119 4 4 4 4 4 4 
3120 4 4 4 4 4 4 
3121 4 4 4 4 4 4 
3122 4 4 4 4 4 4 
3123 4 4 4 4 4 4 
3124 4 4 4 4 4 4 
3125 4 4 4 4 4 4 
3126 4 4 4 4 4 4 
3129 2 2 2 2 2 2 
3130 2 2 2 2 2 2 
3132 2 2 2 2 2 2 
3133 2 2 2 2 2 2 
3134 4 4 4 4 4 4 
3135 4 4 4 4 4 4 
3136 4 4 4 4 4 4 
3137 4 4 4 4 4 4 
3138 2 2 2 2 2 2 
3141 4 4 4 4 4 4 
3142 2 2 2 2 2 2 
3143 2 2 2 2 2 2 
3144 2 2 2 2 2 2 
3145 4 4 4 4 4 4 
3146 3 3 2 2 2 2 
3147 4 3 2 3 2 2 
3148 2 2 2 4 2 2 
3149 6 4 5 4 4 7 
3150 5 4 7 6 4 5 
3151 2 2 3 3 2 2 
3152 2 2 2 2 2 2 
3153 2 2 2 2 2 2 
3157 1000004 1000004 4 4 4 1000004 
3200 2 2 1000002 1000002 1000002 2 
3201 2 2 2 2 2 2 
3202 2 2 2 2 2 2 
3203 1 1 1 1 1 2 
3204 2 1 1 1 1 3 
3205 2 1 3 2 1 1 
3206 2 3 4 3 2 2 
3207 2 3 4 2 2 4 
3208 4 2 2 2 2 4 
3209 2 1 1 3 1 1 
3210 1 1 1 2 1 1 
3213 2 2 2 2 2 2 
3214 2 2 2 2 2 2 
3215 2 2 2 2 2 2 
3216 2 2 2 2 2 2 
3217 2 1 1 1 1 1 
3218 4 4 4 5 4 4 
3219 4 4 4 4 4 4 
3220 2 2 2 2 2 2 
3221 4 4 4 4 4 4 
3222 4 4 4 4 4 4 
3223 4 4 4 4 4 4 
3224 4 4 4 4 4 4 
3225 4 4 4 4 4 4 
3230 2 2 2 2 2 2 
3233 2 2 2 2 2 2 
3234 4 4 4 4 4 4 
3235 4 4 4 4 4 4 
3236 4 4 4 4 4 4 
3237 4 4 4 4 4 4 
3238 4 4 4 4 4 4 
3240 4 4 4 4 4 4 
3241 4 4 4 4 4 4 
3242 4 4 4 4 4 4 
3243 2 2 2 2 2 2 
3244 2 2 2 2 2 3 
3245 4 4 4 4 4 6 
3246 4 4 4 4 5 6 
3247 2 1 1 1 2 2 
3248 2 2 2 3 2 2 
3249 4 2 2 2 2 4 
3250 2 2 5 4 2 2 
3251 2 2 3 2 2 2 
3252 2 2 2 2 2 3 
3253 2 2 2 2 3 2 
3255 2 2 2 2 2 2 
3257 1000004 4 4 4 4 4 
3300 2 2 2 1000002 2 2 
3302 2 1 1 1 1 2 
3303 2 1 2 2 1 3 
3304 1 1 3 2 1 1 
3305 2 2 2 2 2 4 
3306 1 1 1 1 3 3 
3307 2 2 4 2 2 3 
3308 2 2 4 2 2 2 
3309 2 2 2 2 2 2 
3310 2 2 2 2 2 2 
3312 2 2 2 2 2 2 
3313 2 2 2 2 3 2 
3314 2 2 2 2 2 2 
3315 2 2 2 2 2 2 
3316 2 2 2 2 2 2 
3317 4 4 4 4 4 4 
3318 4 4 4 4 4 4 
3319 2 2 2 2 2 2 
3320 2 2 2 2 2 2 
3321 4 4 4 4 4 4 
3322 4 4 4 4 4 4 
3323 4 4 4 4 4 4 
3324 4 4 4 4 4 4 
3326 4 4 4 4 4 4 
3327 4 4 4 4 4 4 
3328 2 2 2 2 2 2 
3329 2 2 2 2 2 2 
3330 2 2 2 2 2 2 
3331 2 2 2 2 2 2 
3332 2 2 2 2 2 2 
3333 2 2 2 2 2 2 
3334 2 2 2 2 2 2 
3335 4 4 4 4 4 4 
3336 4 4 4 4 4 4 
3337 4 4 4 4 4 4 
3339 4 4 4 4 4 4 
3340 4 4 4 4 4 4 
3341 4 4 4 4 4 4 
3342 4 4 4 4 4 4 
3343 5 4 4 4 4 4 
3344 5 4 5 5 5 4 
3345 2 3 4 3 3 2 
3346 2 3 4 2 2 2 
3347 2 2 3 2 2 3 
3348 4 2 2 2 2 3 
3349 3 2 4 4 2 2 
3350 2 2 2 3 2 2 
3351 2 2 2 2 2 3 
3352 1 2 2 1 1 1 
3354 2 2 2 2 2 2 
3357 1000004 1000004 4 4 4 1000004 
3400 1 1 1000001 1000001 1000001 1 
3401 1 1 1 1 1 2 
3402 1 1 1 1 1 3 
3403 3 1 2 1 1 1 
3404 1 1 3 3 1 1 
3405 3 2 2 2 2 2 
3406 2 4 4 3 2 2 
3407 2 2 4 2 2 2 
3408 2 2 3 2 2 2 
3409 2 2 2 2 2 3 
3410 2 2 2 2 4 2 
3411 2 2 2 2 2 2 
3412 1 1 1 1 1 2 
3413 2 2 1 1 2 1 
3414 2 2 2 3 2 2 
3415 2 2 2 2 2 2 
3416 3 3 3 3 3 3 
3417 4 4 4 4 4 4 
3418 4 4 4 4 4 4 
3419 2 2 2 2 2 2 
3420 2 2 2 2 2 2 
3421 4 4 4 4 4 4 
3422 4 4 4 4 4 4 
3423 4 4 4 4 4 4 
3424 4 4 4 4 4 4 
3426 4 4 4 4 4 4 
3427 4 4 4 4 4 4 
3428 4 4 4 4 4 4 
3429 2 2 2 2 2 2 
3430 2 2 2 2 2 2 
3431 2 2 2 2 2 2 
3433 2 2 2 2 2 2 
3434 4 4 4 4 4 4 
3435 4 4 4 4 4 4 
3436 4 4 4 4 4 4 
3437 4 4 4 4 4 4 
3439 4 4 4 4 4 4 
3440 4 4 4 4 4 4 
3441 4 4 4 4 4 4 
3442 4 4 4 4 4 4 
3443 4 4 4 4 4 4 
3444 4 5 4 4 4 4 
3445 5 5 4 4 4 4 
3446 2 2 2 3 2 2 
3447 3 2 2 2 2 2 
3448 4 2 3 3 3 3 
3449 3 2 3 4 2 2 
3450 2 2 2 3 3 2 
3451 3 2 2 2 3 2 
3452 2 1 2 2 1 2 
3453 2 2 2 3 2 2 
3457 1000001 1 1 1 1 1 
3500 3 3 3 1000003 4 4 
3501 1 1 2 1 1 1 
3502 1 1 3 1 1 1 
3503 1 1 1 1 1 2 
3504 2 2 2 2 3 2 
3505 2 2 2 2 2 4 
3506 2 2 2 2 4 3 
3507 2 2 2 2 4 3 
3508 2 2 2 2 3 2 
3509 3 4 3 2 2 2 
3510 2 2 2 3 2 3 
3511 2 2 2 2 2 2 
3512 3 3 3 2 2 3 
3513 2 1 1 2 1 1 
3514 1 1 1 2 1 1 
3515 3 3 3 1 3 1 
3516 3 3 3 3 3 3 
3517 4 4 4 4 4 4 
3518 4 4 4 4 4 4 
3519 2 2 2 2 2 2 
3520 4 4 4 4 4 4 
3521 4 4 4 4 4 4 
3522 4 4 4 4 4 4 
3523 4 4 4 4 4 4 
3525 4 4 4 4 4 4 
3526 4 4 4 4 4 4 
3527 4 4 4 4 4 4 
3528 2 2 2 2 2 2 
3531 2 2 2 2 2 2 
3532 2 2 2 2 2 2 
3533 4 4 4 4 4 4 
3534 4 4 4 4 4 4 
3535 4 4 4 4 4 4 
3538 4 4 4 4 4 4 
3539 4 4 4 4 4 4 
3540 4 4 4 4 4 4 
3541 4 4 4 4 4 4 
3542 4 4 4 4 4 4 
3543 4 4 4 4 4 4 
3544 5 4 4 4 4 4 
3545 2 2 2 3 3 2 
3546 2 2 2 2 2 2 
3547 2 3 2 2 3 2 
3548 2 2 3 2 2 2 
3549 2 3 2 2 2 2 
3550 2 3 2 2 2 2 
3551 1 1 1 1 1 2 
3552 2 2 3 2 2 2 
3553 2 2 2 2 2 2 
3556 4 4 4 4 4 4 
3557 1000001 1000001 1 1 1 1000001 
3600 1 2 1000001 1000001 1000001 2 
3601 1 1 2 1 1 1 
3602 2 2 2 2 3 2 
3604 3 3 3 2 2 2 
3605 3 2 2 3 2 2 
3606 2 4 4 3 2 2 
3607 2 4 3 2 2 2 
3608 2 3 3 2 2 3 
3609 3 2 2 2 2 3 
3610 2 2 2 3 2 2 
3611 2 2 3 2 2 3 
3612 2 2 2 2 2 3 
3613 3 2 3 2 2 2 
3614 2 2 2 3 2 2 
3615 2 2 2 2 2 2 
3625 2 2 2 2 2 2 
3626 2 2 2 2 2 2 
3627 4 4 4 4 4 4 
3628 4 4 4 4 4 4 
3629 2 2 2 2 2 2 
3630 4 4 4 4 4 4 
3631 4 4 4 4 4 4 
3632 4 4 4 4 4 4 
3633 4 4 4 4 4 4 
3634 4 4 4 4 4 4 
3635 4 4 4 4 4 4 
3638 3 3 3 1 3 1 
3639 4 4 4 4 4 4 
3640 4 4 4 4 4 4 
3641 4 4 4 4 4 4 
3642 4 4 4 4 4 4 
3645 4 5 4 4 4 4 
3646 2 2 2 2 2 2 
3647 3 3 2 2 2 2 
3648 2 2 2 3 2 3 
3649 2 2 2 2 2 2 
3650 3 2 2 2 2 2 
3651 2 1 1 2 1 1 
3652 2 2 3 3 2 2 
3653 2 2 2 2 2 2 
3654 2 2 2 2 2 2 
3655 2 2 2 2 2 2 
3657 1000004 4 4 4 4 4 
3700 2 2 3 1000002 2 3 
3701 2 3 2 2 3 2 
3702 2 2 2 2 4 2 
3703 2 2 2 2 2 3 
3704 4 2 2 2 2 2 
3705 2 2 2 4 3 2 
3706 2 2 2 2 2 3 
3707 3 2 2 2 2 3 
3708 2 2 3 3 2 2 
3709 2 2 3 2 2 2 
3710 2 2 2 2 2 3 
3711 2 2 3 2 2 2 
3712 2 2 3 2 2 2 
3713 2 2 2 2 2 2 
3714 2 2 2 2 2 2 
3716 4 4 4 4 4 4 
3717 4 4 4 4 4 4 
3718 4 4 4 4 4 4 
3719 4 4 4 4 4 4 
3720 4 4 4 4 4 4 
3721 4 4 4 4 4 4 
3722 4 4 4 4 4 4 
3724 4 4 4 4 4 4 
3725 4 4 4 4 4 4 
3726 4 4 4 4 4 4 
3727 4 4 4 4 4 4 
3728 4 4 4 4 4 4 
3729 4 4 4 4 4 4 
3730 4 4 4 4 4 4 
3731 4 4 4 4 4 4 
3732 4 4 4 4 4 4 
3733 4 4 4 4 4 4 
3734 4 4 4 4 4 4 
3736 4 4 4 4 4 4 
3737 4 4 4 4 4 4 
3738 1 3 1 3 3 3 
3742 3 1 3 1 3 3 
3743 4 4 4 4 4 4 
3744 1 1 1 1 1 2 
3745 2 2 2 2 3 3 
3746 3 2 2 2 2 2 
3747 2 2 2 3 2 2 
3748 2 2 3 2 2 2 
3749 2 2 2 2 2 2 
3750 2 1 1 1 1 1 
3751 1 1 1 2 2 2 
3752 2 2 2 2 3 3 
3753 2 2 2 2 3 2 
3754 2 2 2 2 3 2 
3756 4 4 4 4 4 4 
3757 1000004 1000004 4 4 4 1000004 
3800 2 2 1000002 1000002 1000002 2 
3801 2 3 3 2 2 2 
3802 2 4 2 2 2 2 
3803 2 2 2 2 2 2 
3804 3 2 3 2 2 2 
3805 2 3 2 3 4 2 
3806 3 2 2 2 4 4 
3807 2 2 3 3 2 3 
3808 2 2 3 2 2 2 
3809 2 2 2 2 2 2 
3810 2 2 2 2 2 2 
3811 2 2 3 2 2 2 
3812 2 2 2 2 2 2 
3813 2 2 2 2 2 2 
3814 2 2 2 2 2 2 
3815 2 2 2 2 2 2 
3817 4 4 4 4 4 4 
3818 4 4 4 4 4 4 
3819 4 4 4 4 4 4 
3820 4 4 4 4 4 4 
3821 3 3 3 3 3 3 
3822 4 4 4 4 4 4 
3823 4 4 4 4 4 4 
3825 4 4 4 4 4 4 
3826 4 4 4 4 4 4 
3827 4 4 4 4 4 4 
3828 4 4 4 4 4 4 
3829 4 4 4 4 4 4 
3830 4 4 4 4 4 4 
3831 4 4 4 4 4 4 
3832 4 4 4 4 4 4 
3833 4 4 4 4 4 4 
3834 4 4 4 4 4 4 
3836 4 4 4 4 4 4 
3837 4 4 4 4 4 4 
3838 4 4 4 4 4 4 
3839 4 4 4 4 4 4 
3840 4 4 4 4 4 4 
3842 4 4 4 4 4 4 
3843 5 4 4 4 4 4 
3844 1 1 1 2 1 1 
3845 2 3 3 2 3 2 
3846 2 2 3 2 2 2 
3847 2 2 2 2 2 3 
3848 2 2 2 2 2 2 
3849 3 2 2 2 2 2 
3850 1 1 1 2 2 1 
3851 1 2 1 1 1 1 
3852 1 2 2 1 1 2 
3853 2 3 3 2 3 2 
3854 1 2 1 1 3 1 
3855 1 1 1 1 2 1 
3857 1000001 1 1 1 1 1 
3900 2 2 2 1000002 2 2 
3901 2 2 2 2 2 2 
3902 2 2 2 2 2 2 
3903 2 2 2 2 2 2 
3904 2 4 2 2 2 2 
3905 2 4 2 2 3 3 
3906 2 2 4 2 3 2 
3907 2 2 3 2 2 2 
3908 2 2 2 2 2 2 
3909 2 2 2 2 2 2 
3910 4 4 4 4 4 4 
3911 4 4 4 4 4 4 
3912 4 4 4 4 4 4 
3913 2 2 2 2 2 2 
3914 3 3 3 3 3 3 
3916 4 4 4 4 4 4 
3917 4 4 4 4 4 4 
3918 4 4 4 4 4 4 
3919 4 4 4 6 6 4 
3920 4 4 4 4 4 4 
3921 4 4 4 4 4 4 
3922 3 3 3 3 3 3 
3924 4 4 4 4 4 4 
3925 4 4 4 4 4 4 
3926 4 4 4 4 4 4 
3927 4 4 4 4 4 4 
3928 4 4 4 4 4 4 
3929 4 4 4 4 4 4 
3930 4 4 4 4 4 4 
3931 4 4 4 4 4 4 
3932 4 4 4 4 4 4 
3935 4 4 4 4 4 4 
3936 4 4 4 4 4 4 
3937 4 4 4 4 4 4 
3938 4 4 4 4 4 4 
3939 4 4 4 4 4 4 
3940 4 4 4 4 4 4 
3941 4 4 4 4 4 4 
3942 5 4 4 4 4 5 
3943 4 4 4 5 4 4 
3944 1 2 1 1 1 1 
3945 2 2 2 2 3 2 
3946 2 2 2 2 2 3 
3947 2 2 3 2 2 2 
3948 2 2 2 2 2 2 
3949 2 3 2 2 2 2 
3950 1 1 1 1 2 1 
3951 2 2 2 2 3 2 
3952 2 3 3 2 2 3 
3953 2 3 1 1 1 1 
3954 3 3 2 3 3 2 
3955 1 1 1 2 3 1 
3957 1000001 1000001 1 1 1 1000001 
4000 2 2 1000002 1000002 1000002 2 
4001 2 2 2 2 2 2 
4002 3 2 2 2 2 2 
4003 2 2 2 3 2 3 
4004 3 2 2 2 2 2 
4005 2 3 2 3 2 2 
4006 2 3 3 2 2 2 
4007 2 2 2 2 2 2 
4008 2 2 2 2 2 2 
4009 2 2 2 2 2 2 
4010 2 2 2 2 2 2 
4011 4 4 4 4 4 4 
4012 4 4 4 4 4 4 
4013 4 4 4 4 4 4 
4014 3 3 3 3 3 3 
4016 4 4 4 4 4 4 
4017 4 4 4 4 4 4 
4018 4 4 4 4 4 4 
4019 6 6 4 4 4 4 
4020 4 4 4 6 6 4 
4021 4 4 4 4 4 4 
4022 4 4 4 4 4 4 
4023 4 4 4 4 4 4 
4025 4 4 4 4 4 4 
4026 4 4 4 4 4 4 
4027 2 2 2 2 2 2 
4028 4 4 4 4 4 4 
4029 4 4 4 4 4 4 
4030 4 4 4 4 4 4 
4031 4 4 4 4 4 4 
4032 4 4 4 4 4 4 
4034 4 4 4 4 4 4 
4035 4 4 4 4 4 4 
4036 4 4 4 4 4 4 
4037 4 4 4 4 4 4 
4038 4 4 4 4 4 4 
4039 4 4 4 4 4 4 
4040 4 4 4 4 4 4 
4041 4 4 4 4 4 4 
4042 5 4 4 4 4 4 
4043 1 1 2 2 1 1 
4045 2 3 2 2 2 2 
4046 2 2 2 2 3 2 
4047 2 2 3 2 2 2 
4048 2 2 2 2 2 2 
4049 5 4 4 4 4 4 
4050 2 3 2 3 2 2 
4051 1 2 1 1 1 1 
4052 2 2 2 2 2 3 
4053 2 2 3 2 2 2 
4054 2 3 2 2 2 2 
4055 4 4 2 2 2 3 
4056 2 2 2 4 2 2 
4057 1000001 1 1 1 1 1 
4100 2 2 2 1000002 2 2 
4101 2 2 2 2 2 2 
4102 1 1 1 1 1 2 
4103 2 2 3 2 2 2 
4104 2 2 2 2 2 2 
4106 2 2 2 2 2 2 
4107 2 2 2 2 2 2 
4108 2 2 2 2 2 2 
4109 2 2 2 2 2 2 
4110 2 2 2 2 2 2 
4111 4 4 4 4 4 4 
4112 4 4 4 4 4 4 
4113 4 4 4 4 4 4 
4114 2 2 2 2 2 2 
4117 4 4 4 4 4 4 
4118 4 4 4 4 4 4 
4119 6 6 4 4 4 4 
4120 4 4 4 6 6 4 
4121 4 4 4 4 4 4 
4122 4 4 4 4 4 4 
4124 4 4 4 4 4 4 
4125 4 4 4 4 4 4 
4126 2 2 2 2 2 2 
4127 4 4 4 4 4 4 
4128 4 4 4 4 4 4 
4129 4 4 4 4 4 4 
4130 4 4 4 4 4 4 
4131 4 4 4 4 4 4 
4133 4 4 4 4 4 4 
4134 4 4 4 4 4 4 
4135 4 4 4 4 4 4 
4136 4 4 4 4 4 4 
4137 4 4 4 4 4 4 
4138 4 4 4 4 4 4 
4139 4 4 4 4 4 4 
4140 4 4 4 4 4 4 
4141 4 4 4 4 4 4 
4143 4 4 4 4 4 4 
4144 2 2 2 2 2 2 
4145 2 3 2 2 2 2 
4147 4 4 4 4 4 4 
4148 4 4 4 4 5 4 
4149 2 2 2 2 2 2 
4151 2 2 2 2 2 2 
4152 2 2 3 2 2 2 
4153 2 2 2 2 3 2 
4154 3 2 2 2 2 2 
4155 3 2 3 3 2 2 
4156 2 2 2 3 2 2 
4157 1000003 1000003 3 3 3 1000003 
4200 2 2 1000002 1000002 1000002 2 
4201 2 2 2 2 2 2 
4202 2 2 2 2 2 2 
4203 1 1 2 1 1 1 
4205 2 2 2 2 2 2 
4206 2 2 2 2 2 2 
4207 2 2 2 2 2 2 
4210 2 2 2 2 2 2 
4213 4 4 4 4 4 4 
4215 2 2 2 2 2 2 
4218 4 4 4 4 4 4 
4219 4 4 4 4 4 4 
4220 6 6 4 4 4 6 
4221 4 4 4 6 4 4 
4222 2 2 2 2 2 2 
4223 4 4 4 4 4 4 
4225 4 4 4 4 4 4 
4226 2 2 2 2 2 2 
4227 4 4 4 4 4 4 
4228 4 4 4 4 4 4 
4229 4 4 4 4 4 4 
4230 4 4 4 4 4 4 
4231 4 4 4 4 4 4 
4233 4 4 4 4 4 4 
4234 4 4 4 4 4 4 
4235 4 4 4 4 4 4 
4236 4 4 4 4 4 4 
4237 4 4 4 4 4 4 
4238 4 4 4 4 4 4 
4239 4 4 4 4 4 4 
4240 4 4 4 4 4 4 
4241 4 4 4 4 4 4 
4243 4 4 4 4 4 4 
4244 2 2 2 2 2 2 
4245 2 2 2 2 2 2 
4247 2 2 2 2 2 2 
4248 4 5 4 4 4 4 
4249 4 4 4 4 4 4 
4250 5 4 4 4 4 4 
4251 1 1 1 2 2 1 
4252 2 2 2 2 2 2 
4253 3 3 2 2 2 2 
4254 2 2 2 3 3 2 
4255 3 2 2 2 2 2 
4256 2 2 2 3 3 2 
4257 1000001 1 1 1 1 1 
4300 2 2 2 1000002 2 2 
4301 2 2 2 2 2 2 
4302 1 1 1 1 1 2 
4303 2 2 2 2 2 2 
4304 2 2 2 2 2 2 
4305 2 2 2 2 2 2 
4306 2 2 2 2 2 2 
4311 2 2 2 2 2 2 
4312 4 4 4 4 4 4 
4313 4 4 4 4 4 4 
4314 2 2 2 2 2 2 
4315 3 1 3 3 1 3 
4316 4 4 4 4 4 4 
4318 4 4 4 4 4 4 
4319 6 4 4 4 4 4 
4320 4 4 6 6 6 4 
4321 2 2 2 2 2 2 
4322 2 2 2 2 2 2 
4323 4 4 4 4 4 4 
4324 3 3 1 3 1 3 
4325 4 4 4 4 4 4 
4326 3 3 3 3 3 3 
4327 4 4 4 4 4 4 
4328 4 4 4 4 4 4 
4329 4 4 4 4 4 4 
4332 4 4 4 4 4 4 
4333 4 4 4 4 4 4 
4334 4 4 4 4 4 4 
4335 4 4 4 4 4 4 
4336 4 4 4 4 4 4 
4337 4 4 4 4 4 4 
4338 4 4 4 4 4 4 
4339 4 4 4 4 4 4 
4340 4 4 4 4 4 4 
4344 2 2 2 2 2 2 
4345 4 4 4 4 4 4 
4346 4 4 4 4 4 4 
4347 4 4 4 4 4 4 
4348 4 4 4 4 4 4 
4349 4 4 4 4 4 4 
4350 4 5 4 4 4 4 
4351 1 1 1 1 2 1 
4352 2 2 2 2 2 2 
4353 2 3 2 2 2 2 
4354 2 2 2 2 3 2 
4355 3 2 1 1 1 1 
4356 1 1 1 3 2 1 
4357 1000001 1000001 1 1 1 1000001 
4400 3 2 1000002 1000002 1000002 2 
4401 2 2 2 3 2 2 
4402 2 2 2 2 2 2 
4403 2 2 3 2 2 2 
4404 2 2 2 2 2 2 
4405 2 2 2 2 2 2 
4406 2 2 2 2 2 2 
4409 2 2 2 2 2 2 
4410 2 2 2 2 2 2 
4412 2 2 2 2 2 2 
4413 4 4 4 4 4 4 
4416 4 4 4 4 4 4 
4417 4 4 4 4 4 4 
4420 1 3 1 1 1 3 
4424 3 1 3 1 3 1 
4425 4 4 4 4 4 4 
4431 4 4 4 4 4 4 
4432 4 4 4 4 4 4 
4433 4 4 4 4 4 4 
4434 4 4 4 4 4 4 
4435 4 4 4 4 4 4 
4440 1 3 3 1 3 3 
4443 2 2 2 2 2 2 
4445 4 4 4 4 4 4 
4446 4 4 4 4 4 4 
4447 4 4 4 4 4 4 
4448 4 4 4 4 4 4 
4449 4 4 4 4 4 4 
4450 2 2 2 2 2 2 
4451 1 2 1 1 1 1 
4452 2 2 2 2 3 2 
4453 2 2 2 2 2 2 
4454 2 3 2 2 2 2 
4455 2 2 2 2 3 2 
4456 1 2 1 1 1 1 
4457 1000001 1 1 1 1 2 
4500 2 2 2 1000002 2 2 
4502 2 2 2 2 2 2 
4503 2 2 2 2 2 2 
4504 2 2 2 2 2 2 
4505 2 2 2 2 2 2 
4506 2 2 2 2 2 2 
4511 2 2 2 2 2 2 
4512 4 4 4 4 4 4 
4513 4 4 4 4 4 4 
4514 4 4 4 4 4 4 
4516 4 4 4 4 4 4 
4517 4 4 4 4 4 4 
4519 4 4 4 4 4 4 
4520 4 4 6 4 4 4 
4521 4 4 4 4 4 4 
4522 4 4 4 4 4 4 
4523 4 4 4 4 4 4 
4526 4 4 4 4 4 4 
4528 4 4 4 4 4 4 
4529 4 4 4 4 4 4 
4530 4 4 4 4 4 4 
4531 4 4 4 4 4 4 
4532 4 4 4 4 4 4 
4533 4 4 4 4 4 4 
4534 4 4 4 4 4 4 
4535 4 4 4 4 4 4 
4537 4 4 4 4 4 4 
4538 4 4 4 4 4 4 
4540 3 3 3 3 3 3 
4542 2 2 2 2 2 2 
4545 4 4 4 4 4 4 
4546 4 4 4 4 4 4 
4547 4 4 4 4 4 4 
4548 4 4 4 4 4 4 
4549 2 2 2 2 2 2 
4551 1 2 1 1 1 1 
4553 2 2 2 2 2 2 
4554 2 3 2 2 2 2 
4555 2 2 2 2 2 2 
4556 3 2 2 2 3 3 
4557 1000001 1000001 2 2 1 1000001 
4600 2 2 1000002 1000002 1000002 2 
4601 2 2 2 2 2 2 
4603 2 2 2 2 2 2 
4604 2 2 2 2 2 2 
4609 2 2 2 2 2 2 
4610 2 2 2 2 2 2 
4611 2 2 2 2 2 2 
4612 4 4 4 4 4 4 
4613 4 4 4 4 4 4 
4614 4 4 4 4 4 4 
4615 3 1 3 3 1 3 
4617 4 4 4 4 4 4 
4618 4 4 4 4 4 4 
4620 4 4 4 4 4 4 
4622 2 2 2 2 2 2 
4625 4 4 4 4 4 4 
4626 4 4 4 4 4 4 
4627 4 4 4 4 4 4 
4629 4 4 4 4 4 4 
4630 4 4 4 4 4 4 
4631 4 4 4 4 4 4 
4632 4 4 4 4 4 4 
4633 4 4 4 4 4 4 
4634 4 4 4 4 4 4 
4635 4 4 4 4 4 4 
4637 4 4 4 4 4 4 
4638 4 4 4 4 4 4 
4639 4 4 4 4 4 4 
4640 4 4 4 4 4 4 
4641 4 4 4 4 4 4 
4642 3 3 3 3 3 3 
4643 3 3 3 3 3 3 
4645 4 4 4 4 4 4 
4646 4 4 4 4 4 4 
4647 4 4 4 4 4 4 
4648 4 4 4 4 4 4 
4649 2 2 2 2 2 2 
4651 4 4 4 4 4 4 
4653 2 2 2 2 2 2 
4654 2 2 2 2 2 2 
4656 2 3 2 2 2 2 
4657 1000002 2 3 2 2 2 
4700 2 2 2 1000002 2 2 
4701 2 2 2 2 2 2 
4705 1 3 1 3 3 3 
4706 1 3 3 1 3 3 
4708 2 2 2 2 2 2 
4709 2 2 2 2 2 2 
4710 2 2 2 2 2 2 
4711 4 4 4 4 4 4 
4712 4 4 4 4 4 4 
4713 4 4 4 4 4 4 
4714 3 1 3 3 1 1 
4715 4 4 4 4 4 4 
4717 4 4 4 4 4 4 
4719 4 4 4 4 4 4 
4721 2 2 2 2 2 2 
4722 2 2 2 2 2 2 
4725 4 4 4 4 4 4 
4726 4 4 4 4 4 4 
4727 4 4 4 4 4 4 
4729 4 4 4 4 4 4 
4730 4 4 4 4 4 4 
4731 4 4 4 4 4 4 
4732 4 4 4 4 4 4 
4733 4 4 4 4 4 4 
4734 4 4 4 4 4 4 
4736 4 4 4 4 4 4 
4737 4 4 4 4 4 4 
4738 4 4 4 4 4 4 
4739 4 4 4 4 4 4 
4740 4 4 4 4 4 4 
4742 1 3 3 1 3 3 
4744 4 4 4 4 4 4 
4745 4 4 4 4 4 4 
4746 4 4 4 4 4 4 
4747 4 4 4 4 4 4 
4748 4 4 4 4 4 4 
4756 2 2 2 2 2 2 
4757 1000002 1000002 2 2 2 1000002 
4800 1 1 1000001 1000001 1000001 1 
4803 4 4 4 4 4 4 
4805 2 2 2 2 2 2 
4806 2 2 2 2 2 2 
4807 4 4 4 4 4 4 
4809 2 2 2 2 2 2 
4810 2 2 2 2 2 2 
4811 2 2 2 2 2 2 
4812 4 4 4 4 4 4 
4813 4 4 4 4 4 4 
4816 4 4 4 4 4 4 
4820 4 4 4 4 4 4 
4821 4 4 4 4 4 4 
4822 2 2 2 2 2 2 
4825 4 4 4 4 4 4 
4826 4 4 4 4 4 4 
4827 4 4 4 4 4 4 
4828 2 2 2 2 2 2 
4832 4 4 4 4 4 4 
4833 4 4 4 4 4 4 
4834 4 4 4 4 4 4 
4836 4 4 4 4 4 4 
4837 4 4 4 4 4 4 
4838 4 4 4 4 4 4 
4839 4 4 4 4 4 4 
4840 4 4 4 4 4 4 
4844 3 3 3 3 3 3 
4845 4 4 4 4 4 4 
4846 4 4 4 4 4 4 
4847 4 4 4 4 4 4 
4848 4 4 4 4 4 4 
4857 1000001 1 1 1 1 1 
4900 1 1 1 1000001 1 1 
4901 4 4 4 4 4 4 
4902 4 4 4 4 4 4 
4903 4 4 4 4 4 4 
4904 4 4 4 4 4 4 
4905 4 4 4 4 4 4 
4906 4 4 4 4 4 4 
4907 4 4 4 4 4 4 
4910 4 4 4 4 4 4 
4911 4 4 4 4 4 4 
4912 4 4 4 4 4 4 
4913 3 1 3 3 3 1 
4914 4 4 4 4 4 4 
4917 4 4 4 4 4 4 
4918 3 3 1 3 1 3 
4924 4 4 4 4 4 4 
4925 4 4 4 4 4 4 
4926 4 4 4 4 4 4 
4927 2 2 2 2 2 2 
4928 2 2 2 2 2 2 
4929 4 4 4 4 4 4 
4930 4 4 4 4 4 4 
4936 5 4 4 4 4 4 
4937 4 4 4 5 4 4 
4938 4 4 4 4 4 4 
4939 2 2 2 2 2 2 
4940 2 2 2 2 2 2 
4944 4 4 4 4 4 4 
4945 4 4 4 4 4 4 
4946 4 4 4 4 4 4 
4947 4 4 4 4 4 4 
4957 1000001 1000001 1 1 1 1000001 
5000 1 1 1000001 1000001 1000001 1 
5001 4 4 4 4 4 4 
5002 4 4 4 4 4 4 
5003 4 4 4 4 4 4 
5004 4 4 4 4 4 4 
5005 4 4 4 4 4 4 
5006 4 4 4 4 4 4 
5007 4 4 4 4 4 4 
5008 4 4 4 4 4 4 
5009 4 4 4 4 4 4 
5011 4 4 4 4 4 4 
5012 4 4 4 4 4 4 
5013 4 4 4 4 4 4 
5015 4 4 4 4 4 4 
5016 4 4 4 4 4 4 
5017 1 3 1 3 3 3 
5018 3 1 3 1 3 1 
5020 4 4 4 4 4 4 
5021 4 4 4 4 4 4 
5022 2 2 2 2 2 2 
5023 2 2 2 2 2 2 
5024 3 3 1 3 1 3 
5025 4 4 4 4 4 4 
5026 4 4 4 4 4 4 
5027 4 4 4 4 4 4 
5028 4 4 4 4 4 4 
5029 4 4 4 4 4 4 
5030 4 4 4 4 4 4 
5031 4 4 4 4 4 4 
5032 4 4 4 4 4 4 
5033 4 4 4 4 4 4 
5034 4 4 4 4 4 4 
5038 4 4 4 4 4 4 
5039 4 4 4 4 4 4 
5045 4 4 4 4 4 4 
5046 4 4 4 4 4 4 
5047 4 4 4 4 4 4 
5054 1 1 1 1 1 2 
5055 1 1 1 1 3 1 
5057 1000001 1 1 1 1 1 
5100 4 4 4 1000004 4 4 
5101 4 4 4 4 4 4 
5103 4 4 4 4 4 4 
5104 4 4 4 4 4 4 
5105 4 4 4 4 4 4 
5106 4 4 4 4 6 6 
5107 4 4 4 4 6 6 
5108 4 4 4 4 6 4 
5109 4 4 4 4 4 4 
5112 4 4 4 4 4 4 
5114 4 4 4 4 4 4 
5115 4 4 4 4 4 4 
5116 4 4 4 4 4 4 
5117 4 4 4 4 4 4 
5119 4 4 4 4 4 4 
5120 2 2 2 2 2 2 
5121 4 4 4 4 4 4 
5122 4 4 4 4 4 4 
5123 3 1 3 3 3 1 
5124 4 4 4 4 4 4 
5125 4 4 4 4 4 4 
5126 4 4 4 4 4 4 
5127 4 4 4 4 4 4 
5128 4 4 4 4 4 4 
5129 2 2 2 2 2 2 
5130 4 4 4 4 4 4 
5131 4 4 4 4 4 4 
5132 4 4 4 4 4 4 
5135 4 4 4 4 4 4 
5136 4 4 4 4 4 4 
5139 2 2 2 2 2 2 
5142 3 3 3 3 3 3 
5143 4 4 4 4 4 4 
5144 4 4 4 4 4 4 
5145 4 4 4 4 4 4 
5146 4 4 4 4 4 4 
5148 4 4 4 4 4 4 
5149 4 4 4 4 4 4 
5150 4 4 4 4 4 4 
5151 4 4 4 4 4 4 
5153 2 1 1 1 1 3 
5154 3 3 2 2 1 1 
5155 1 1 1 3 3 1 
5156 1 1 1 1 2 1 
5157 1000001 1000001 1 1 1 1000001 
5200 2 2 1000002 1000002 1000002 2 
5201 4 4 4 4 4 4 
5202 4 4 4 4 4 4 
5205 3 1 1 1 1 1 
5206 6 6 4 6 6 6 
5207 4 6 6 6 6 4 
5208 6 6 6 4 4 6 
5209 4 4 4 6 6 4 
5210 4 4 4 4 4 4 
5211 4 4 4 4 4 4 
5212 1 3 1 3 3 3 
5213 1 1 3 1 3 1 
5215 4 4 4 4 4 4 
5216 4 4 4 4 4 4 
5217 4 4 4 4 4 4 
5220 2 2 2 2 2 2 
5221 2 2 2 2 2 2 
5222 4 4 4 4 4 4 
5223 4 4 4 4 4 4 
5225 4 4 4 4 4 4 
5226 4 4 4 4 4 4 
5227 4 4 4 4 4 4 
5228 4 4 4 4 4 4 
5229 2 2 2 2 2 2 
5230 2 2 2 2 2 2 
5231 4 4 4 4 4 4 
5232 4 4 4 4 4 4 
5234 4 4 4 4 4 4 
5235 4 4 4 4 4 4 
5236 4 4 4 4 4 4 
5237 4 4 4 4 4 4 
5239 2 2 2 2 2 2 
5244 4 4 4 4 4 4 
5245 4 4 4 4 4 4 
5246 4 4 4 4 4 4 
5248 4 4 4 4 4 4 
5249 4 4 4 4 4 4 
5250 4 4 4 4 4 4 
5251 4 4 4 4 4 4 
5252 4 4 4 4 4 4 
5253 2 1 1 1 1 1 
5254 1 1 3 2 1 1 
5255 1 3 1 1 1 1 
5256 2 2 1 1 2 1 
5257 1000001 1 1 2 3 1 
5300 2 2 2 1000002 2 2 
5301 4 4 4 4 4 4 
5302 4 4 4 4 4 4 
5305 1 3 1 1 1 1 
5306 6 6 6 4 4 4 
5307 6 4 4 6 6 6 
5308 4 6 6 6 6 4 
5309 4 4 4 4 4 4 
5310 4 4 4 4 4 4 
5311 4 4 4 4 6 4 
5312 4 4 4 4 4 4 
5313 3 3 1 3 1 3 
5314 3 3 1 3 3 1 
5315 4 4 4 4 4 4 
5316 4 4 4 4 4 4 
5318 4 4 4 4 4 4 
5320 2 2 2 2 2 2 
5321 2 2 2 2 2 2 
5322 4 4 4 4 4 4 
5324 4 4 4 4 4 4 
5325 4 4 4 4 4 4 
5326 4 4 4 4 4 4 
5327 4 4 4 4 4 4 
5328 2 2 2 2 2 2 
5329 4 4 4 4 4 4 
5330 4 4 4 4 4 4 
5331 4 4 4 4 4 4 
5332 4 4 4 4 4 4 
5334 4 4 4 4 4 4 
5335 4 4 4 4 4 4 
5336 4 4 4 4 4 4 
5337 4 4 4 4 4 4 
5341 3 3 3 3 3 3 
5342 4 4 4 4 4 4 
5343 4 4 4 4 4 4 
5344 4 4 4 4 4 4 
5347 4 4 4 4 4 4 
5348 4 4 4 4 4 4 
5349 4 4 4 4 4 4 
5350 4 4 4 4 4 4 
5352 2 1 1 1 1 1 
5353 1 1 1 2 1 1 
5355 2 3 2 2 2 3 
5356 3 4 2 2 2 2 
5357 1000001 1000001 1 2 1 1000001 
5400 2 2 1000002 1000002 1000002 2 
5401 4 4 4 4 4 4 
5402 4 4 4 4 4 4 
5403 4 4 4 4 4 4 
5404 2 2 2 2 2 2 
5406 2 2 2 2 2 2 
5407 1 3 1 1 1 1 
5408 6 6 6 4 4 4 
5409 4 4 4 6 6 4 
5410 4 4 4 4 4 4 
5411 4 6 4 4 4 4 
5412 4 4 4 4 4 4 
5414 4 4 4 4 4 4 
5416 1 3 3 3 1 3 
5418 4 4 4 4 4 4 
5421 2 2 2 2 2 2 
5424 4 4 4 4 4 4 
5425 4 4 4 4 4 4 
5426 4 4 4 4 4 4 
5427 4 4 4 4 4 4 
5428 4 4 4 4 4 4 
5429 4 4 4 4 4 4 
5430 4 4 4 4 4 4 
5431 4 4 4 4 4 4 
5432 4 4 4 4 4 4 
5434 4 4 4 4 4 4 
5435 4 4 4 4 4 4 
5436 4 4 4 4 4 4 
5437 4 4 4 4 4 4 
5438 4 4 4 4 4 4 
5439 4 4 4 4 4 4 
5440 4 4 4 4 4 4 
5443 4 4 4 4 4 4 
5444 4 4 4 4 4 4 
5446 4 4 4 4 4 5 
5447 4 4 4 4 4 5 
5448 4 4 4 4 5 4 
5449 4 4 4 4 4 4 
5455 2 2 2 2 3 3 
5456 2 2 3 2 2 3 
5457 1000002 2 2 2 2 2 
5500 4 4 4 1000004 4 4 
5501 4 4 4 4 4 4 
5502 4 4 4 4 4 4 
5503 4 4 4 4 4 4 
5505 2 2 2 2 2 2 
5506 2 2 2 2 2 2 
5508 3 3 1 1 1 1 
5509 4 4 4 6 6 6 
5510 4 4 4 4 6 6 
5511 4 4 4 4 6 6 
5512 4 4 4 4 4 4 
5514 1 3 3 1 3 3 
5515 3 1 1 1 1 3 
5516 4 4 4 4 4 4 
5517 4 4 4 4 4 4 
5522 4 4 4 4 4 4 
5523 4 4 4 4 4 4 
5524 4 4 4 4 4 4 
5525 4 4 4 4 4 4 
5526 4 4 4 4 4 4 
5527 4 4 4 4 4 4 
5528 4 4 4 4 4 4 
5529 4 4 4 4 4 4 
5530 4 4 4 4 4 4 
5531 4 4 4 4 4 4 
5532 4 4 4 4 4 4 
5534 4 4 4 4 4 4 
5535 4 4 4 4 4 4 
5536 4 4 4 4 4 4 
5537 4 4 4 4 4 4 
5538 3 3 3 3 3 3 
5540 4 4 4 4 4 4 
5541 1 1 1 1 1 2 
5542 4 4 4 4 5 4 
5544 1 1 1 1 1 2 
5545 4 4 4 4 4 5 
5546 4 4 5 4 4 4 
5547 4 5 5 4 4 4 
5552 1 1 1 1 1 2 
5554 2 3 2 2 3 3 
5555 2 2 3 2 2 2 
5556 2 2 3 2 2 2 
5557 1000001 1000001 1 1 1 1000001 
5600 4 4 1000004 1000004 1000004 4 
5601 4 4 4 4 4 4 
5602 4 4 4 4 4 4 
5603 4 4 4 4 4 4 
5604 4 4 4 4 4 4 
5605 4 4 4 4 4 4 
5608 3 3 3 1 3 1 
5609 1 3 1 1 1 1 
5610 1 5 5 3 1 3 
5611 3 5 5 1 3 1 
5612 4 4 6 4 4 4 
5613 4 4 4 4 4 4 
5614 4 4 4 4 4 4 
5616 4 4 4 4 4 4 
5617 3 3 3 3 3 3 
5621 2 2 2 2 2 2 
5622 4 4 4 4 4 4 
5623 4 4 4 4 4 4 
5624 4 4 4 4 4 4 
5625 4 4 4 4 4 4 
5626 4 4 4 4 4 4 
5627 4 4 4 4 4 4 
5628 4 4 4 4 4 4 
5629 4 4 4 4 4 4 
5630 4 4 4 4 4 4 
5631 4 4 4 4 4 4 
5632 4 4 4 4 4 4 
5634 4 4 4 4 4 4 
5635 4 4 4 4 4 4 
5636 4 4 4 4 4 4 
5637 4 4 4 4 4 4 
5638 3 3 3 3 3 3 
5639 3 3 3 3 3 3 
5640 3 3 3 3 3 4 
5641 4 4 4 4 4 5 
5642 1 2 2 1 1 1 
5643 1 1 1 1 2 2 
5644 1 1 1 1 2 1 
5645 1 1 2 1 1 1 
5646 1 1 2 1 1 2 
5647 1 1 1 1 2 2 
5648 2 1 1 1 1 1 
5649 1 1 1 2 1 1 
5651 3 3 3 3 3 3 
5652 3 3 3 3 3 3 
5653 3 3 4 3 3 3 
5654 1 2 1 1 1 1 
5655 2 2 3 2 2 2 
5656 2 2 2 2 2 2 
5657 1000001 1 1 1 1 1 
5700 4 4 4 1000004 4 4 
5701 4 4 4 4 4 4 
5702 4 4 4 4 4 4 
5703 4 4 4 4 4 4 
5704 4 4 4 4 4 4 
5708 1 3 1 3 3 3 
5709 3 1 3 1 3 3 
5710 3 3 3 3 3 3 
5711 1 3 1 3 3 3 
5712 1 3 3 1 3 3 
5713 1 3 3 1 3 3 
5714 1 3 3 1 3 3 
5715 1 3 1 1 3 1 
5716 1 3 3 1 3 3 
5717 1 3 3 1 3 3 
5718 3 1 3 1 3 3 
5719 3 3 3 3 3 3 
5720 2 2 2 2 2 2 
5721 2 2 2 2 2 2 
5723 4 4 4 4 4 4 
5724 4 4 4 4 4 4 
5725 4 4 4 4 4 4 
5726 4 4 4 4 4 4 
5727 4 4 4 4 4 4 
5728 4 4 4 4 4 4 
5729 4 4 4 4 4 4 
5730 4 4 4 4 4 4 
5731 4 4 4 4 4 4 
5732 4 4 4 4 4 4 
5733 3 3 1 3 1 3 
5734 3 3 3 3 3 3 
5735 4 4 4 4 4 4 
5737 1 3 3 1 3 4 
5738 1 3 3 1 4 4 
5739 1 3 3 1 3 4 
5740 1 3 4 1 1 3 
5741 1 1 2 1 1 1 
5742 1 2 1 1 1 1 
5743 1 2 2 1 1 1 
5745 1 1 1 1 2 2 
5746 1 2 2 1 1 1 
5747 1 1 2 1 1 1 
5751 3 3 3 3 3 3 
5752 3 3 3 3 3 3 
5754 2 2 2 2 2 4 
5755 2 2 2 2 4 2 
5757 1000001 1000001 1 1 1 1000001 
5800 4 4 1000004 1000004 1000004 4 
5801 4 4 4 4 4 4 
5802 4 4 4 4 4 4 
5803 4 4 4 4 4 4 
5811 3 3 3 3 3 3 
5812 3 3 3 3 3 3 
5813 3 3 3 3 3 3 
5814 3 3 3 3 3 3 
5815 3 3 3 3 3 3 
5816 3 3 1 3 1 3 
5817 3 3 3 3 3 3 
5818 3 3 3 3 3 3 
5819 3 3 3 3 3 3 
5820 3 3 3 3 3 3 
5822 2 2 2 2 2 2 
5824 4 4 4 4 4 4 
5825 4 4 4 4 4 4 
5826 4 4 4 4 4 4 
5827 4 4 4 4 4 4 
5828 4 4 4 4 4 4 
5829 4 4 4 4 4 4 
5830 4 4 4 4 4 4 
5834 1 3 3 1 3 3 
5836 1 1 1 1 1 2 
5837 1 1 1 1 1 2 
5838 1 2 2 1 1 1 
5839 1 1 2 1 1 1 
5840 1 1 2 1 1 1 
5841 2 2 2 2 2 2 
5843 1 1 1 1 1 2 
5844 1 1 1 1 2 1 
5845 1 2 1 1 1 1 
5846 1 1 2 1 1 1 
5848 2 2 2 2 2 2 
5849 2 2 2 2 2 2 
5852 2 2 2 2 2 2 
5853 2 2 2 2 2 2 
5854 4 2 2 2 2 4 
5855 6 6 6 6 4 4 
5856 1 1 1 3 3 3 
5857 1000001 1 1 1 3 3 
5900 1 1 1 1000001 1000001 1000001 
5901 1 1 1 1 1000001 1000001 
5902 1 1 1 1 1000001 1000001 
5903 1 1 1 1 1000001 1000001 
5904 4 4 4 4 1000004 1000004 
5905 4 4 4 4 1000004 1000004 
5906 1 1 1 1 1000001 1000001 
5907 1 1 1 1 1000001 1000001 
5908 1 1 1 1 1000001 1000001 
5909 1 1 1 1 1000001 1000001 
5910 1 1 1 1 1000001 1000001 
5911 1 1 1 1 1000001 1000001 
5912 3 3 3 3 1000003 1000003 
5913 3 3 3 3 1000003 1000003 
5914 3 3 3 3 1000003 1000003 
5915 3 1 3 3 1000003 1000003 
5916 3 3 3 3 1000003 1000003 
5917 3 3 3 3 1000003 1000003 
5918 3 3 3 3 1000003 1000003 
5919 1 3 3 3 1000003 1000003 
5920 1 3 3 1 1000003 1000003 
5921 1 3 3 1 1000003 1000003 
5922 1 3 3 1 1000003 1000003 
5923 1 3 3 1 1000003 1000003 
5924 1 1 1 1 1000001 1000001 
5925 1 1 1 1 1000001 1000001 
5926 1 1 1 1 1000001 1000001 
5927 1 1 1 1 1000001 1000001 
5928 1 1 1 1 1000001 1000001 
5929 1 1 1 1 1000001 1000001 
5930 1 1 1 1 1000001 1000001 
5931 4 4 4 4 1000004 1000004 
5932 4 4 4 4 1000004 1000004 
5933 1 1 1 1 1000001 1000001 
5934 3 3 3 3 1000003 1000003 
5935 2 1 1 1 1000001 1000001 
5936 1 1 2 2 1000001 1000001 
5937 1 1 2 1 1000001 1000001 
5938 1 1 1 1 1000001 1000001 
5939 2 2 2 2 1000002 1000002 
5940 2 2 2 2 1000002 1000002 
5941 2 2 2 2 1000002 1000002 
5942 1 1 1 1 1000001 1000001 
5943 1 2 2 1 1000001 1000001 
5944 1 1 1 1 1000001 1000001 
5945 1 1 1 1 1000001 1000001 
5946 1 1 1 1 1000001 1000001 
5947 2 2 2 2 1000002 1000002 
5948 2 2 2 2 1000002 1000002 
5949 2 2 2 2 1000002 1000002 
5950 1 1 1 1 1000001 1000001 
5951 1 1 1 1 1000001 1000001 
5952 2 2 2 2 1000002 1000002 
5953 4 2 2 2 1000002 1000002 
5954 4 4 6 6 1000004 1000004 
5955 4 6 4 4 1000004 1000004 
5956 4 6 6 4 1000004 1000004 
5957 1000004 1000006 6 4 1000004 1000004 
