3231 2 3232 1 3230 1 0 0 0 0 0 0 0 0
6231 2 6232 1 6230 1 0 0 0 0 0 0 0 0
3929 2 3928 1 4030 1 0 0 0 0 0 0 0 0
5848 2 5849 1 5747 1 0 0 0 0 0 0 0 0
2637 2 2537 1 2636 1 0 0 0 0 0 0 0 0
3224 2 3225 1 3223 1 0 0 0 0 0 0 0 0
4120 3 4021 1 4220 1 4221 1 0 0 0 0 0 0
4245 3 4246 1 4145 1 4344 1 0 0 0 0 0 0
3820 2 3719 1 3920 1 0 0 0 0 0 0 0 0
4022 2 4023 1 3921 1 0 0 0 0 0 0 0 0
5144 2 5145 1 5044 1 0 0 0 0 0 0 0 0
3824 2 3723 1 3924 1 0 0 0 0 0 0 0 0
5936 2 5937 1 5935 1 0 0 0 0 0 0 0 0
4522 2 4422 1 4623 1 0 0 0 0 0 0 0 0
6235 2 6135 1 6334 1 0 0 0 0 0 0 0 0
5326 2 5327 1 5426 1 0 0 0 0 0 0 0 0
5623 2 5523 1 5722 1 0 0 0 0 0 0 0 0
5935 2 5936 1 6035 1 0 0 0 0 0 0 0 0
6248 2 6249 1 6347 1 0 0 0 0 0 0 0 0
5030 3 4930 1 4929 1 5129 1 0 0 0 0 0 0
5044 2 4943 1 5144 1 0 0 0 0 0 0 0 0
5523 2 5524 1 5623 1 0 0 0 0 0 0 0 0
3742 2 3643 1 3741 1 0 0 0 0 0 0 0 0
4133 2 4132 1 4234 1 0 0 0 0 0 0 0 0
3349 2 3350 1 3348 1 0 0 0 0 0 0 0 0
2843 2 2842 1 2943 1 0 0 0 0 0 0 0 0
3740 2 3741 1 3739 1 0 0 0 0 0 0 0 0
4429 2 4328 1 4528 1 0 0 0 0 0 0 0 0
4444 2 4344 1 4543 1 0 0 0 0 0 0 0 0
4935 2 4835 1 5036 1 0 0 0 0 0 0 0 0
5544 2 5444 1 5645 1 0 0 0 0 0 0 0 0
6345 1 6245 1 0 0 0 0 0 0 0 0 0 0
3146 2 3147 1 3145 1 0 0 0 0 0 0 0 0
4300 1 4201 1 0 0 0 0 0 0 0 0 0 0
6048 2 6047 1 6148 1 0 0 0 0 0 0 0 0
4943 2 4843 1 5044 1 0 0 0 0 0 0 0 0
4834 2 4835 1 4833 1 0 0 0 0 0 0 0 0
5225 2 5124 1 5324 1 0 0 0 0 0 0 0 0
3437 2 3336 1 3537 1 0 0 0 0 0 0 0 0
6233 2 6133 1 6232 1 0 0 0 0 0 0 0 0
4024 2 3924 1 4023 1 0 0 0 0 0 0 0 0
4833 2 4834 1 4733 1 0 0 0 0 0 0 0 0
5345 2 5344 1 5446 1 0 0 0 0 0 0 0 0
6046 2 6047 1 6045 1 0 0 0 0 0 0 0 0
3920 3 3821 1 3820 1 4021 1 0 0 0 0 0 0
5937 2 5936 1 6038 1 0 0 0 0 0 0 0 0
3322 2 3222 1 3423 1 0 0 0 0 0 0 0 0
4438 2 4439 1 4337 1 0 0 0 0 0 0 0 0
5037 2 5036 1 5137 1 0 0 0 0 0 0 0 0
3217 2 3218 1 3216 1 0 0 0 0 0 0 0 0
3926 4 3827 1 3925 1 4026 1 4027 1 0 0 0 0
3347 2 3248 1 3346 1 0 0 0 0 0 0 0 0
4550 2 4450 1 4650 1 0 0 0 0 0 0 0 0
4849 2 4749 1 4948 1 0 0 0 0 0 0 0 0
5850 2 5849 1 5949 1 0 0 0 0 0 0 0 0
6022 2 5921 1 6121 1 0 0 0 0 0 0 0 0
6016 2 5915 1 6115 1 0 0 0 0 0 0 0 0
6134 2 6035 1 6133 1 0 0 0 0 0 0 0 0
4338 2 4339 1 4337 1 0 0 0 0 0 0 0 0
5036 2 5037 1 4935 1 0 0 0 0 0 0 0 0
4131 2 4132 1 4031 1 0 0 0 0 0 0 0 0
4328 2 4229 1 4429 1 0 0 0 0 0 0 0 0
4819 2 4718 1 4919 1 0 0 0 0 0 0 0 0
5019 2 4919 1 5119 1 0 0 0 0 0 0 0 0
4332 2 4233 1 4432 1 0 0 0 0 0 0 0 0
5447 3 5347 1 5446 1 5546 1 0 0 0 0 0 0
5843 3 5743 1 5842 1 5943 1 0 0 0 0 0 0
6137 2 6038 1 6136 1 0 0 0 0 0 0 0 0
3848 2 3748 1 3948 1 0 0 0 0 0 0 0 0
4201 2 4202 1 4300 1 0 0 0 0 0 0 0 0
4722 2 4623 1 4823 1 0 0 0 0 0 0 0 0
3507 2 3508 1 3607 1 0 0 0 0 0 0 0 0
3821 3 3721 1 3920 1 3921 1 0 0 0 0 0 0
5546 2 5447 1 5646 1 0 0 0 0 0 0 0 0
5915 2 5816 1 6016 1 0 0 0 0 0 0 0 0
4541 2 4540 1 4642 1 0 0 0 0 0 0 0 0
5244 2 5245 1 5344 1 0 0 0 0 0 0 0 0
6227 2 6228 1 6326 1 0 0 0 0 0 0 0 0
4746 2 4646 1 4846 1 0 0 0 0 0 0 0 0
4831 2 4832 1 4930 1 0 0 0 0 0 0 0 0
5137 2 5138 1 5037 1 0 0 0 0 0 0 0 0
3223 2 3224 1 3222 1 0 0 0 0 0 0 0 0
5124 2 5025 1 5225 1 0 0 0 0 0 0 0 0
5743 2 5644 1 5843 1 0 0 0 0 0 0 0 0
2443 2 2444 1 2442 1 0 0 0 0 0 0 0 0
4146 2 4047 1 4145 1 0 0 0 0 0 0 0 0
4234 2 4235 1 4133 1 0 0 0 0 0 0 0 0
5921 2 5822 1 6022 1 0 0 0 0 0 0 0 0
5645 3 5646 1 5544 1 5644 1 0 0 0 0 0 0
5646 3 5546 1 5645 1 5746 1 0 0 0 0 0 0
3230 2 3231 1 3129 1 0 0 0 0 0 0 0 0
4642 2 4541 1 4742 1 0 0 0 0 0 0 0 0
3127 2 3128 1 3227 1 0 0 0 0 0 0 0 0
4132 3 4133 1 4131 1 4233 1 0 0 0 0 0 0
5145 3 5146 1 5144 1 5245 1 0 0 0 0 0 0
6035 2 5935 1 6134 1 0 0 0 0 0 0 0 0
4742 2 4642 1 4843 1 0 0 0 0 0 0 0 0
5822 2 5722 1 5921 1 0 0 0 0 0 0 0 0
3827 2 3828 1 3926 1 0 0 0 0 0 0 0 0
4048 2 4049 1 4047 1 0 0 0 0 0 0 0 0
5517 2 5418 1 5617 1 0 0 0 0 0 0 0 0
4342 2 4341 1 4443 1 0 0 0 0 0 0 0 0
4948 2 4849 1 5048 1 0 0 0 0 0 0 0 0
4337 3 4338 1 4336 1 4438 1 0 0 0 0 0 0
4532 2 4432 1 4632 1 0 0 0 0 0 0 0 0
4628 2 4528 1 4728 1 0 0 0 0 0 0 0 0
6230 2 6231 1 6229 1 0 0 0 0 0 0 0 0
4125 2 4026 1 4225 1 0 0 0 0 0 0 0 0
4321 2 4221 1 4422 1 0 0 0 0 0 0 0 0
4446 2 4345 1 4546 1 0 0 0 0 0 0 0 0
4747 2 4648 1 4847 1 0 0 0 0 0 0 0 0
4829 2 4728 1 4929 1 0 0 0 0 0 0 0 0
5341 2 5342 1 5340 1 0 0 0 0 0 0 0 0
6045 2 6046 1 6044 1 0 0 0 0 0 0 0 0
6249 2 6250 1 6248 1 0 0 0 0 0 0 0 0
5239 2 5240 1 5138 1 0 0 0 0 0 0 0 0
5644 2 5645 1 5743 1 0 0 0 0 0 0 0 0
5941 2 5842 1 5940 1 0 0 0 0 0 0 0 0
5129 2 5030 1 5128 1 0 0 0 0 0 0 0 0
5347 2 5248 1 5447 1 0 0 0 0 0 0 0 0
3227 2 3127 1 3226 1 0 0 0 0 0 0 0 0
4030 2 4031 1 3929 1 0 0 0 0 0 0 0 0
4919 2 4819 1 5019 1 0 0 0 0 0 0 0 0
4027 2 3926 1 4127 1 0 0 0 0 0 0 0 0
4230 2 4130 1 4229 1 0 0 0 0 0 0 0 0
5147 2 5048 1 5146 1 0 0 0 0 0 0 0 0
6136 2 6137 1 6135 1 0 0 0 0 0 0 0 0
6050 2 5949 1 6149 1 0 0 0 0 0 0 0 0
3850 2 3750 1 3749 1 0 0 0 0 0 0 0 0
5949 2 5850 1 6050 1 0 0 0 0 0 0 0 0
4650 2 4550 1 4749 1 0 0 0 0 0 0 0 0
4439 2 4440 1 4438 1 0 0 0 0 0 0 0 0
4233 2 4132 1 4332 1 0 0 0 0 0 0 0 0
5446 2 5447 1 5345 1 0 0 0 0 0 0 0 0
5943 2 5843 1 6044 1 0 0 0 0 0 0 0 0
3924 3 3824 1 4024 1 4025 1 0 0 0 0 0 0
3517 2 3418 1 3618 1 0 0 0 0 0 0 0 0
4023 2 4024 1 4022 1 0 0 0 0 0 0 0 0
3335 2 3336 1 3235 1 0 0 0 0 0 0 0 0
3748 2 3649 1 3848 1 0 0 0 0 0 0 0 0
6047 2 6048 1 6046 1 0 0 0 0 0 0 0 0
5940 2 5941 1 5939 1 0 0 0 0 0 0 0 0
3627 2 3526 1 3727 1 0 0 0 0 0 0 0 0
4540 2 4541 1 4440 1 0 0 0 0 0 0 0 0
6245 2 6144 1 6345 1 0 0 0 0 0 0 0 0
4440 2 4439 1 4540 1 0 0 0 0 0 0 0 0
5524 3 5525 1 5425 1 5523 1 0 0 0 0 0 0
4728 3 4628 1 4727 1 4829 1 0 0 0 0 0 0
3548 2 3448 1 3649 1 0 0 0 0 0 0 0 0
4924 2 4923 1 5025 1 0 0 0 0 0 0 0 0
6044 3 6045 1 5943 1 6144 1 0 0 0 0 0 0
6149 3 6050 1 6148 1 6250 1 0 0 0 0 0 0
6229 2 6230 1 6228 1 0 0 0 0 0 0 0 0
4047 2 4048 1 4146 1 0 0 0 0 0 0 0 0
4202 2 4203 1 4201 1 0 0 0 0 0 0 0 0
5617 2 5517 1 5716 1 0 0 0 0 0 0 0 0
2728 2 2729 1 2727 1 0 0 0 0 0 0 0 0
3921 2 3821 1 4022 1 0 0 0 0 0 0 0 0
3350 1 3349 1 0 0 0 0 0 0 0 0 0 0
6325 1 6326 1 0 0 0 0 0 0 0 0 0 0
2142 2 2141 1 2243 1 0 0 0 0 0 0 0 0
2428 2 2328 1 2527 1 0 0 0 0 0 0 0 0
4031 3 4030 1 4130 1 4131 1 0 0 0 0 0 0
5148 2 5048 1 5248 1 0 0 0 0 0 0 0 0
3526 2 3525 1 3627 1 0 0 0 0 0 0 0 0
4236 2 4235 1 4336 1 0 0 0 0 0 0 0 0
5444 2 5344 1 5544 1 0 0 0 0 0 0 0 0
3722 2 3623 1 3721 1 0 0 0 0 0 0 0 0
4648 2 4649 1 4747 1 0 0 0 0 0 0 0 0
5842 2 5843 1 5941 1 0 0 0 0 0 0 0 0
3750 1 3850 1 0 0 0 0 0 0 0 0 0 0
4443 2 4342 1 4543 1 0 0 0 0 0 0 0 0
5747 2 5746 1 5848 1 0 0 0 0 0 0 0 0
3248 4 3148 1 3147 1 3347 1 3348 1 0 0 0 0
4339 2 4340 1 4338 1 0 0 0 0 0 0 0 0
4344 2 4245 1 4444 1 0 0 0 0 0 0 0 0
4633 2 4632 1 4733 1 0 0 0 0 0 0 0 0
2448 2 2449 1 2447 1 0 0 0 0 0 0 0 0
5344 4 5345 1 5244 1 5343 1 5444 1 0 0 0 0
3321 3 3221 1 3421 1 3422 1 0 0 0 0 0 0
5327 2 5228 1 5326 1 0 0 0 0 0 0 0 0
3948 2 3848 1 4049 1 0 0 0 0 0 0 0 0
5318 2 5219 1 5418 1 0 0 0 0 0 0 0 0
6133 2 6134 1 6233 1 0 0 0 0 0 0 0 0
5240 2 5239 1 5340 1 0 0 0 0 0 0 0 0
4649 2 4648 1 4749 1 0 0 0 0 0 0 0 0
4221 2 4120 1 4321 1 0 0 0 0 0 0 0 0
6228 2 6229 1 6227 1 0 0 0 0 0 0 0 0
6334 1 6235 1 0 0 0 0 0 0 0 0 0 0
6144 2 6044 1 6245 1 0 0 0 0 0 0 0 0
2639 2 2538 1 2738 1 0 0 0 0 0 0 0 0
5048 3 4948 1 5147 1 5148 1 0 0 0 0 0 0
5245 2 5145 1 5244 1 0 0 0 0 0 0 0 0
4130 2 4031 1 4230 1 0 0 0 0 0 0 0 0
5525 2 5426 1 5524 1 0 0 0 0 0 0 0 0
6115 2 6016 1 6215 1 0 0 0 0 0 0 0 0
4325 2 4225 1 4425 1 0 0 0 0 0 0 0 0
4623 2 4522 1 4722 1 0 0 0 0 0 0 0 0
4626 2 4525 1 4726 1 0 0 0 0 0 0 0 0
6220 2 6221 1 6319 1 0 0 0 0 0 0 0 0
6221 2 6121 1 6220 1 0 0 0 0 0 0 0 0
4026 3 3926 1 4025 1 4125 1 0 0 0 0 0 0
3311 2 3212 1 3310 1 0 0 0 0 0 0 0 0
3212 2 3213 1 3311 1 0 0 0 0 0 0 0 0
3232 2 3233 1 3231 1 0 0 0 0 0 0 0 0
6038 3 6039 1 5937 1 6137 1 0 0 0 0 0 0
2044 2 1944 1 2144 1 0 0 0 0 0 0 0 0
2632 2 2532 1 2631 1 0 0 0 0 0 0 0 0
4345 2 4246 1 4446 1 0 0 0 0 0 0 0 0
3118 2 3019 1 3219 1 0 0 0 0 0 0 0 0
3749 2 3649 1 3850 1 0 0 0 0 0 0 0 0
5219 2 5119 1 5318 1 0 0 0 0 0 0 0 0
3738 2 3739 1 3638 1 0 0 0 0 0 0 0 0
4228 2 4229 1 4127 1 0 0 0 0 0 0 0 0
3234 2 3235 1 3233 1 0 0 0 0 0 0 0 0
4419 2 4319 1 4518 1 0 0 0 0 0 0 0 0
4823 2 4722 1 4923 1 0 0 0 0 0 0 0 0
5248 2 5148 1 5347 1 0 0 0 0 0 0 0 0
6326 2 6227 1 6325 1 0 0 0 0 0 0 0 0
3422 2 3321 1 3522 1 0 0 0 0 0 0 0 0
3649 3 3548 1 3748 1 3749 1 0 0 0 0 0 0
3619 3 3519 1 3618 1 3719 1 0 0 0 0 0 0
4718 2 4618 1 4819 1 0 0 0 0 0 0 0 0
3423 2 3322 1 3523 1 0 0 0 0 0 0 0 0
4049 2 3948 1 4048 1 0 0 0 0 0 0 0 0
4246 2 4245 1 4345 1 0 0 0 0 0 0 0 0
4203 2 4103 1 4202 1 0 0 0 0 0 0 0 0
4733 2 4633 1 4833 1 0 0 0 0 0 0 0 0
4341 2 4342 1 4340 1 0 0 0 0 0 0 0 0
2328 2 2329 1 2428 1 0 0 0 0 0 0 0 0
2229 2 2230 1 2128 1 0 0 0 0 0 0 0 0
2232 2 2132 1 2331 1 0 0 0 0 0 0 0 0
2539 2 2540 1 2439 1 0 0 0 0 0 0 0 0
2529 2 2530 1 2629 1 0 0 0 0 0 0 0 0
5849 2 5850 1 5848 1 0 0 0 0 0 0 0 0
6148 2 6149 1 6048 1 0 0 0 0 0 0 0 0
3318 2 3219 1 3418 1 0 0 0 0 0 0 0 0
4727 2 4728 1 4726 1 0 0 0 0 0 0 0 0
4846 2 4847 1 4746 1 0 0 0 0 0 0 0 0
3523 2 3423 1 3624 1 0 0 0 0 0 0 0 0
3446 2 3346 1 3445 1 0 0 0 0 0 0 0 0
4235 2 4236 1 4234 1 0 0 0 0 0 0 0 0
6232 2 6233 1 6231 1 0 0 0 0 0 0 0 0
6039 2 5939 1 6038 1 0 0 0 0 0 0 0 0
4726 2 4727 1 4626 1 0 0 0 0 0 0 0 0
5426 2 5326 1 5525 1 0 0 0 0 0 0 0 0
6350 1 6250 1 0 0 0 0 0 0 0 0 0 0
4930 2 4831 1 5030 1 0 0 0 0 0 0 0 0
2337 2 2338 1 2437 1 0 0 0 0 0 0 0 0
3148 2 3149 1 3248 1 0 0 0 0 0 0 0 0
4632 3 4633 1 4532 1 4732 1 0 0 0 0 0 0
3537 2 3437 1 3638 1 0 0 0 0 0 0 0 0
5119 2 5019 1 5219 1 0 0 0 0 0 0 0 0
5722 2 5623 1 5822 1 0 0 0 0 0 0 0 0
4749 3 4650 1 4649 1 4849 1 0 0 0 0 0 0
3806 2 3706 1 3905 1 0 0 0 0 0 0 0 0
5342 2 5343 1 5341 1 0 0 0 0 0 0 0 0
3445 2 3446 1 3544 1 0 0 0 0 0 0 0 0
3643 2 3543 1 3742 1 0 0 0 0 0 0 0 0
4432 2 4332 1 4532 1 0 0 0 0 0 0 0 0
3145 2 3146 1 3045 1 0 0 0 0 0 0 0 0
4847 2 4747 1 4846 1 0 0 0 0 0 0 0 0
5340 2 5341 1 5240 1 0 0 0 0 0 0 0 0
5746 2 5747 1 5646 1 0 0 0 0 0 0 0 0
4340 2 4341 1 4339 1 0 0 0 0 0 0 0 0
6347 1 6248 1 0 0 0 0 0 0 0 0 0 0
2402 2 2403 1 2401 1 0 0 0 0 0 0 0 0
906 2 905 1 1007 1 0 0 0 0 0 0 0 0
1543 2 1443 1 1644 1 0 0 0 0 0 0 0 0
1945 2 1846 1 2046 1 0 0 0 0 0 0 0 0
2526 2 2427 1 2525 1 0 0 0 0 0 0 0 0
2824 2 2825 1 2923 1 0 0 0 0 0 0 0 0
2925 2 2926 1 3025 1 0 0 0 0 0 0 0 0
2345 2 2246 1 2446 1 0 0 0 0 0 0 0 0
2141 2 2142 1 2041 1 0 0 0 0 0 0 0 0
2437 4 2438 1 2337 1 2436 1 2537 1 0 0 0 0
3928 2 3929 1 3828 1 0 0 0 0 0 0 0 0
2525 2 2526 1 2625 1 0 0 0 0 0 0 0 0
4618 2 4518 1 4718 1 0 0 0 0 0 0 0 0
4528 2 4429 1 4628 1 0 0 0 0 0 0 0 0
3741 2 3742 1 3740 1 0 0 0 0 0 0 0 0
4646 2 4645 1 4746 1 0 0 0 0 0 0 0 0
2030 2 1930 1 2130 1 0 0 0 0 0 0 0 0
2747 2 2746 1 2848 1 0 0 0 0 0 0 0 0
832 2 732 1 932 1 0 0 0 0 0 0 0 0
2228 2 2128 1 2327 1 0 0 0 0 0 0 0 0
3706 2 3607 1 3806 1 0 0 0 0 0 0 0 0
1730 2 1631 1 1830 1 0 0 0 0 0 0 0 0
1841 2 1740 1 1940 1 0 0 0 0 0 0 0 0
932 2 832 1 1032 1 0 0 0 0 0 0 0 0
2823 2 2723 1 2922 1 0 0 0 0 0 0 0 0
1830 2 1730 1 1929 1 0 0 0 0 0 0 0 0
1212 2 1213 1 1211 1 0 0 0 0 0 0 0 0
1217 2 1218 1 1216 1 0 0 0 0 0 0 0 0
2519 2 2518 1 2620 1 0 0 0 0 0 0 0 0
2432 2 2433 1 2331 1 0 0 0 0 0 0 0 0
3233 2 3234 1 3232 1 0 0 0 0 0 0 0 0
2230 4 2130 1 2229 1 2329 1 2330 1 0 0 0 0
4336 2 4337 1 4236 1 0 0 0 0 0 0 0 0
2435 2 2436 1 2434 1 0 0 0 0 0 0 0 0
2839 2 2739 1 2738 1 0 0 0 0 0 0 0 0
3348 3 3349 1 3248 1 3448 1 0 0 0 0 0 0
4732 2 4632 1 4832 1 0 0 0 0 0 0 0 0
5128 2 5129 1 5228 1 0 0 0 0 0 0 0 0
3149 2 3150 1 3148 1 0 0 0 0 0 0 0 0
737 2 638 1 838 1 0 0 0 0 0 0 0 0
1844 2 1744 1 1944 1 0 0 0 0 0 0 0 0
701 2 702 1 601 1 0 0 0 0 0 0 0 0
1131 2 1032 1 1232 1 0 0 0 0 0 0 0 0
1938 2 1838 1 2039 1 0 0 0 0 0 0 0 0
2621 2 2622 1 2620 1 0 0 0 0 0 0 0 0
2944 2 2943 1 3045 1 0 0 0 0 0 0 0 0
3226 2 3227 1 3225 1 0 0 0 0 0 0 0 0
1211 2 1212 1 1110 1 0 0 0 0 0 0 0 0
1439 2 1338 1 1538 1 0 0 0 0 0 0 0 0
1832 2 1833 1 1731 1 0 0 0 0 0 0 0 0
2441 2 2442 1 2540 1 0 0 0 0 0 0 0 0
1319 2 1320 1 1219 1 0 0 0 0 0 0 0 0
2409 2 2410 1 2408 1 0 0 0 0 0 0 0 0
3522 2 3422 1 3623 1 0 0 0 0 0 0 0 0
3128 2 3129 1 3127 1 0 0 0 0 0 0 0 0
2512 2 2412 1 2613 1 0 0 0 0 0 0 0 0
937 2 838 1 1038 1 0 0 0 0 0 0 0 0
1341 2 1342 1 1340 1 0 0 0 0 0 0 0 0
34 1 133 1 0 0 0 0 0 0 0 0 0 0
1549 2 1449 1 1650 1 0 0 0 0 0 0 0 0
1731 3 1631 1 1831 1 1832 1 0 0 0 0 0 0
2821 2 2721 1 2820 1 0 0 0 0 0 0 0 0
2636 2 2637 1 2535 1 0 0 0 0 0 0 0 0
433 2 333 1 532 1 0 0 0 0 0 0 0 0
1547 2 1448 1 1647 1 0 0 0 0 0 0 0 0
2144 2 2145 1 2044 1 0 0 0 0 0 0 0 0
36 1 136 1 0 0 0 0 0 0 0 0 0 0
1448 3 1449 1 1347 1 1547 1 0 0 0 0 0 0
2331 4 2232 1 2330 1 2431 1 2432 1 0 0 0 0
3418 2 3318 1 3517 1 0 0 0 0 0 0 0 0
4021 2 3920 1 4120 1 0 0 0 0 0 0 0 0
2401 2 2402 1 2300 1 0 0 0 0 0 0 0 0
2411 2 2412 1 2410 1 0 0 0 0 0 0 0 0
3235 2 3234 1 3335 1 0 0 0 0 0 0 0 0
3310 2 3311 1 3410 1 0 0 0 0 0 0 0 0
4350 1 4450 1 0 0 0 0 0 0 0 0 0 0
4545 2 4546 1 4645 1 0 0 0 0 0 0 0 0
2534 2 2535 1 2533 1 0 0 0 0 0 0 0 0
2727 2 2728 1 2827 1 0 0 0 0 0 0 0 0
2344 2 2244 1 2445 1 0 0 0 0 0 0 0 0
2040 2 1940 1 2139 1 0 0 0 0 0 0 0 0
2450 2 2449 1 2550 1 0 0 0 0 0 0 0 0
840 2 739 1 940 1 0 0 0 0 0 0 0 0
842 2 741 1 942 1 0 0 0 0 0 0 0 0
1650 1 1549 1 0 0 0 0 0 0 0 0 0 0
2523 2 2424 1 2623 1 0 0 0 0 0 0 0 0
2132 2 2033 1 2232 1 0 0 0 0 0 0 0 0
1449 2 1448 1 1549 1 0 0 0 0 0 0 0 0
2424 2 2324 1 2523 1 0 0 0 0 0 0 0 0
2740 2 2741 1 2841 1 0 0 0 0 0 0 0 0
532 2 433 1 632 1 0 0 0 0 0 0 0 0
2325 3 2226 1 2324 1 2426 1 0 0 0 0 0 0
2538 2 2537 1 2639 1 0 0 0 0 0 0 0 0
3525 2 3526 1 3425 1 0 0 0 0 0 0 0 0
1040 2 940 1 1140 1 0 0 0 0 0 0 0 0
539 2 440 1 640 1 0 0 0 0 0 0 0 0
2922 2 2823 1 3022 1 0 0 0 0 0 0 0 0
2738 2 2639 1 2839 1 0 0 0 0 0 0 0 0
1422 2 1321 1 1522 1 0 0 0 0 0 0 0 0
2046 3 1945 1 2145 1 2146 1 0 0 0 0 0 0
2827 2 2727 1 2926 1 0 0 0 0 0 0 0 0
2537 3 2538 1 2437 1 2637 1 0 0 0 0 0 0
3448 2 3348 1 3548 1 0 0 0 0 0 0 0 0
437 2 336 1 537 1 0 0 0 0 0 0 0 0
2515 2 2516 1 2615 1 0 0 0 0 0 0 0 0
2926 2 2827 1 2925 1 0 0 0 0 0 0 0 0
3828 3 3727 1 3827 1 3928 1 0 0 0 0 0 0
1746 2 1647 1 1846 1 0 0 0 0 0 0 0 0
3025 2 2925 1 3124 1 0 0 0 0 0 0 0 0
2405 2 2406 1 2404 1 0 0 0 0 0 0 0 0
4225 2 4125 1 4325 1 0 0 0 0 0 0 0 0
4543 2 4444 1 4443 1 0 0 0 0 0 0 0 0
4518 2 4419 1 4618 1 0 0 0 0 0 0 0 0
3409 2 3410 1 3508 1 0 0 0 0 0 0 0 0
3925 2 3926 1 3825 1 0 0 0 0 0 0 0 0
3147 2 3146 1 3248 1 0 0 0 0 0 0 0 0
2615 2 2515 1 2614 1 0 0 0 0 0 0 0 0
1641 2 1541 1 1740 1 0 0 0 0 0 0 0 0
1145 2 1144 1 1246 1 0 0 0 0 0 0 0 0
2449 2 2450 1 2448 1 0 0 0 0 0 0 0 0
2613 2 2614 1 2512 1 0 0 0 0 0 0 0 0
2848 2 2849 1 2747 1 0 0 0 0 0 0 0 0
2130 2 2030 1 2230 1 0 0 0 0 0 0 0 0
1138 2 1038 1 1239 1 0 0 0 0 0 0 0 0
3216 2 3217 1 3215 1 0 0 0 0 0 0 0 0
3719 2 3619 1 3820 1 0 0 0 0 0 0 0 0
3129 2 3128 1 3230 1 0 0 0 0 0 0 0 0
2919 2 2820 1 3019 1 0 0 0 0 0 0 0 0
2244 2 2243 1 2344 1 0 0 0 0 0 0 0 0
2246 2 2146 1 2345 1 0 0 0 0 0 0 0 0
943 2 942 1 1044 1 0 0 0 0 0 0 0 0
2146 2 2046 1 2246 1 0 0 0 0 0 0 0 0
2041 2 1940 1 2141 1 0 0 0 0 0 0 0 0
2446 3 2447 1 2345 1 2445 1 0 0 0 0 0 0
3215 2 3216 1 3214 1 0 0 0 0 0 0 0 0
3543 2 3544 1 3643 1 0 0 0 0 0 0 0 0
3214 2 3215 1 3213 1 0 0 0 0 0 0 0 0
3519 2 3420 1 3619 1 0 0 0 0 0 0 0 0
2403 2 2404 1 2402 1 0 0 0 0 0 0 0 0
2329 2 2230 1 2328 1 0 0 0 0 0 0 0 0
2445 2 2446 1 2344 1 0 0 0 0 0 0 0 0
3220 2 3221 1 3219 1 0 0 0 0 0 0 0 0
3222 4 3223 1 3122 1 3221 1 3322 1 0 0 0 0
4832 2 4732 1 4831 1 0 0 0 0 0 0 0 0
2518 2 2519 1 2418 1 0 0 0 0 0 0 0 0
2028 2 1927 1 2128 1 0 0 0 0 0 0 0 0
2033 2 1933 1 2132 1 0 0 0 0 0 0 0 0
6250 3 6149 1 6249 1 6350 1 0 0 0 0 0 0
136 2 36 1 236 1 0 0 0 0 0 0 0 0
2516 2 2417 1 2515 1 0 0 0 0 0 0 0 0
1347 2 1346 1 1448 1 0 0 0 0 0 0 0 0
1010 2 1009 1 1110 1 0 0 0 0 0 0 0 0
1032 2 932 1 1131 1 0 0 0 0 0 0 0 0
1246 2 1145 1 1346 1 0 0 0 0 0 0 0 0
1522 2 1523 1 1422 1 0 0 0 0 0 0 0 0
739 2 640 1 840 1 0 0 0 0 0 0 0 0
2338 2 2239 1 2337 1 0 0 0 0 0 0 0 0
2739 2 2839 1 2840 1 0 0 0 0 0 0 0 0
1320 2 1321 1 1319 1 0 0 0 0 0 0 0 0
638 2 537 1 737 1 0 0 0 0 0 0 0 0
2145 2 2046 1 2144 1 0 0 0 0 0 0 0 0
3723 2 3623 1 3824 1 0 0 0 0 0 0 0 0
236 2 136 1 336 1 0 0 0 0 0 0 0 0
2622 3 2623 1 2621 1 2721 1 0 0 0 0 0 0
4525 2 4425 1 4626 1 0 0 0 0 0 0 0 0
3425 3 3324 1 3524 1 3525 1 0 0 0 0 0 0
1331 2 1232 1 1431 1 0 0 0 0 0 0 0 0
1629 2 1630 1 1728 1 0 0 0 0 0 0 0 0
2627 2 2527 1 2626 1 0 0 0 0 0 0 0 0
2626 2 2627 1 2725 1 0 0 0 0 0 0 0 0
1940 3 1841 1 2040 1 2041 1 0 0 0 0 0 0
2300 1 2401 1 0 0 0 0 0 0 0 0 0 0
2840 2 2841 1 2739 1 0 0 0 0 0 0 0 0
1340 3 1341 1 1241 1 1441 1 0 0 0 0 0 0
2039 2 1938 1 2139 1 0 0 0 0 0 0 0 0
4450 2 4350 1 4550 1 0 0 0 0 0 0 0 0
4843 2 4742 1 4943 1 0 0 0 0 0 0 0 0
2226 2 2126 1 2325 1 0 0 0 0 0 0 0 0
2645 2 2646 1 2544 1 0 0 0 0 0 0 0 0
3624 3 3524 1 3523 1 3724 1 0 0 0 0 0 0
5025 2 4924 1 5124 1 0 0 0 0 0 0 0 0
3524 2 3425 1 3624 1 0 0 0 0 0 0 0 0
3638 2 3537 1 3738 1 0 0 0 0 0 0 0 0
3905 2 3806 1 4005 1 0 0 0 0 0 0 0 0
1213 2 1214 1 1212 1 0 0 0 0 0 0 0 0
1833 2 1832 1 1933 1 0 0 0 0 0 0 0 0
2943 2 2944 1 2843 1 0 0 0 0 0 0 0 0
3324 2 3225 1 3425 1 0 0 0 0 0 0 0 0
2444 2 2443 1 2544 1 0 0 0 0 0 0 0 0
1524 2 1525 1 1523 1 0 0 0 0 0 0 0 0
1525 2 1524 1 1626 1 0 0 0 0 0 0 0 0
2442 2 2443 1 2441 1 0 0 0 0 0 0 0 0
600 1 601 1 0 0 0 0 0 0 0 0 0 0
1321 2 1320 1 1422 1 0 0 0 0 0 0 0 0
2027 2 1927 1 2126 1 0 0 0 0 0 0 0 0
2849 2 2848 1 2949 1 0 0 0 0 0 0 0 0
2724 2 2625 1 2723 1 0 0 0 0 0 0 0 0
5228 2 5128 1 5327 1 0 0 0 0 0 0 0 0
5425 2 5324 1 5524 1 0 0 0 0 0 0 0 0
5716 2 5617 1 5816 1 0 0 0 0 0 0 0 0
6135 2 6136 1 6235 1 0 0 0 0 0 0 0 0
2433 2 2434 1 2432 1 0 0 0 0 0 0 0 0
1140 2 1040 1 1241 1 0 0 0 0 0 0 0 0
2725 2 2626 1 2825 1 0 0 0 0 0 0 0 0
2820 2 2821 1 2919 1 0 0 0 0 0 0 0 0
3019 2 2919 1 3118 1 0 0 0 0 0 0 0 0
1007 2 1008 1 906 1 0 0 0 0 0 0 0 0
1738 2 1639 1 1838 1 0 0 0 0 0 0 0 0
2139 3 2040 1 2039 1 2239 1 0 0 0 0 0 0
2535 2 2534 1 2636 1 0 0 0 0 0 0 0 0
1110 2 1010 1 1211 1 0 0 0 0 0 0 0 0
2721 2 2622 1 2821 1 0 0 0 0 0 0 0 0
2623 2 2523 1 2622 1 0 0 0 0 0 0 0 0
233 2 133 1 333 1 0 0 0 0 0 0 0 0
2407 2 2408 1 2406 1 0 0 0 0 0 0 0 0
732 2 632 1 832 1 0 0 0 0 0 0 0 0
1929 2 1830 1 2029 1 0 0 0 0 0 0 0 0
4127 2 4027 1 4228 1 0 0 0 0 0 0 0 0
2408 2 2409 1 2407 1 0 0 0 0 0 0 0 0
3336 2 3335 1 3437 1 0 0 0 0 0 0 0 0
2729 3 2730 1 2629 1 2728 1 0 0 0 0 0 0
4229 3 4230 1 4228 1 4328 1 0 0 0 0 0 0
2540 2 2441 1 2539 1 0 0 0 0 0 0 0 0
2629 3 2529 1 2628 1 2729 1 0 0 0 0 0 0
838 2 737 1 937 1 0 0 0 0 0 0 0 0
1744 2 1644 1 1844 1 0 0 0 0 0 0 0 0
641 2 540 1 741 1 0 0 0 0 0 0 0 0
1531 2 1431 1 1631 1 0 0 0 0 0 0 0 0
1727 2 1726 1 1828 1 0 0 0 0 0 0 0 0
805 2 804 1 905 1 0 0 0 0 0 0 0 0
2330 2 2331 1 2230 1 0 0 0 0 0 0 0 0
1630 2 1631 1 1629 1 0 0 0 0 0 0 0 0
2426 2 2427 1 2325 1 0 0 0 0 0 0 0 0
2128 4 2029 1 2028 1 2228 1 2229 1 0 0 0 0
940 2 840 1 1040 1 0 0 0 0 0 0 0 0
3213 2 3214 1 3212 1 0 0 0 0 0 0 0 0
1008 2 1007 1 1108 1 0 0 0 0 0 0 0 0
2324 2 2325 1 2424 1 0 0 0 0 0 0 0 0
3022 2 2922 1 3121 1 0 0 0 0 0 0 0 0
2431 2 2331 1 2530 1 0 0 0 0 0 0 0 0
2239 2 2139 1 2338 1 0 0 0 0 0 0 0 0
3122 2 3023 1 3222 1 0 0 0 0 0 0 0 0
3346 2 3347 1 3446 1 0 0 0 0 0 0 0 0
1740 2 1641 1 1841 1 0 0 0 0 0 0 0 0
1215 2 1216 1 1214 1 0 0 0 0 0 0 0 0
2949 2 2950 1 2849 1 0 0 0 0 0 0 0 0
2614 2 2615 1 2613 1 0 0 0 0 0 0 0 0
2533 2 2534 1 2532 1 0 0 0 0 0 0 0 0
3618 2 3619 1 3517 1 0 0 0 0 0 0 0 0
3544 2 3445 1 3543 1 0 0 0 0 0 0 0 0
4422 2 4321 1 4522 1 0 0 0 0 0 0 0 0
6319 1 6220 1 0 0 0 0 0 0 0 0 0 0
4425 2 4325 1 4525 1 0 0 0 0 0 0 0 0
1441 2 1340 1 1541 1 0 0 0 0 0 0 0 0
942 2 943 1 842 1 0 0 0 0 0 0 0 0
2923 2 2824 1 3023 1 0 0 0 0 0 0 0 0
3219 4 3220 1 3118 1 3218 1 3318 1 0 0 0 0
1644 2 1543 1 1744 1 0 0 0 0 0 0 0 0
1541 2 1441 1 1641 1 0 0 0 0 0 0 0 0
2625 2 2525 1 2724 1 0 0 0 0 0 0 0 0
2646 2 2645 1 2746 1 0 0 0 0 0 0 0 0
632 2 532 1 732 1 0 0 0 0 0 0 0 0
2418 2 2417 1 2518 1 0 0 0 0 0 0 0 0
1218 2 1219 1 1217 1 0 0 0 0 0 0 0 0
1647 2 1547 1 1746 1 0 0 0 0 0 0 0 0
1831 2 1731 1 1930 1 0 0 0 0 0 0 0 0
601 2 600 1 701 1 0 0 0 0 0 0 0 0
333 2 233 1 433 1 0 0 0 0 0 0 0 0
2417 2 2418 1 2516 1 0 0 0 0 0 0 0 0
4145 2 4146 1 4245 1 0 0 0 0 0 0 0 0
4923 2 4924 1 4823 1 0 0 0 0 0 0 0 0
4005 2 3905 1 4104 1 0 0 0 0 0 0 0 0
4319 2 4220 1 4419 1 0 0 0 0 0 0 0 0
3607 2 3507 1 3706 1 0 0 0 0 0 0 0 0
5939 2 5940 1 6039 1 0 0 0 0 0 0 0 0
2029 2 1929 1 2128 1 0 0 0 0 0 0 0 0
4104 2 4005 1 4103 1 0 0 0 0 0 0 0 0
5324 2 5225 1 5425 1 0 0 0 0 0 0 0 0
5418 2 5318 1 5517 1 0 0 0 0 0 0 0 0
6121 2 6022 1 6221 1 0 0 0 0 0 0 0 0
1044 2 943 1 1144 1 0 0 0 0 0 0 0 0
1239 2 1138 1 1338 1 0 0 0 0 0 0 0 0
1538 2 1439 1 1639 1 0 0 0 0 0 0 0 0
703 2 702 1 804 1 0 0 0 0 0 0 0 0
1338 2 1239 1 1439 1 0 0 0 0 0 0 0 0
1219 2 1218 1 1319 1 0 0 0 0 0 0 0 0
640 2 539 1 739 1 0 0 0 0 0 0 0 0
1828 3 1728 1 1727 1 1927 1 0 0 0 0 0 0
3623 3 3522 1 3722 1 3723 1 0 0 0 0 0 0
1626 2 1525 1 1726 1 0 0 0 0 0 0 0 0
1728 2 1629 1 1828 1 0 0 0 0 0 0 0 0
2438 2 2439 1 2437 1 0 0 0 0 0 0 0 0
2841 2 2740 1 2840 1 0 0 0 0 0 0 0 0
3218 2 3219 1 3217 1 0 0 0 0 0 0 0 0
1431 2 1331 1 1531 1 0 0 0 0 0 0 0 0
2404 2 2405 1 2403 1 0 0 0 0 0 0 0 0
2427 4 2327 1 2426 1 2526 1 2527 1 0 0 0 0
1933 2 1833 1 2033 1 0 0 0 0 0 0 0 0
2544 2 2444 1 2645 1 0 0 0 0 0 0 0 0
2842 2 2843 1 2741 1 0 0 0 0 0 0 0 0
3825 2 3724 1 3925 1 0 0 0 0 0 0 0 0
4835 2 4834 1 4935 1 0 0 0 0 0 0 0 0
5138 2 5137 1 5239 1 0 0 0 0 0 0 0 0
3121 2 3022 1 3221 1 0 0 0 0 0 0 0 0
3225 4 3226 1 3124 1 3224 1 3324 1 0 0 0 0
4645 2 4646 1 4545 1 0 0 0 0 0 0 0 0
5816 2 5716 1 5915 1 0 0 0 0 0 0 0 0
3150 1 3149 1 0 0 0 0 0 0 0 0 0 0
5146 2 5147 1 5145 1 0 0 0 0 0 0 0 0
2825 2 2725 1 2824 1 0 0 0 0 0 0 0 0
1523 2 1524 1 1522 1 0 0 0 0 0 0 0 0
1930 2 1831 1 2030 1 0 0 0 0 0 0 0 0
702 2 703 1 701 1 0 0 0 0 0 0 0 0
1232 2 1131 1 1331 1 0 0 0 0 0 0 0 0
1443 2 1342 1 1543 1 0 0 0 0 0 0 0 0
1144 2 1145 1 1044 1 0 0 0 0 0 0 0 0
3023 2 2923 1 3122 1 0 0 0 0 0 0 0 0
440 2 539 1 540 1 0 0 0 0 0 0 0 0
2631 2 2632 1 2730 1 0 0 0 0 0 0 0 0
3420 2 3421 1 3519 1 0 0 0 0 0 0 0 0
4103 2 4104 1 4203 1 0 0 0 0 0 0 0 0
1108 2 1009 1 1008 1 0 0 0 0 0 0 0 0
1216 2 1217 1 1215 1 0 0 0 0 0 0 0 0
1846 2 1746 1 1945 1 0 0 0 0 0 0 0 0
2950 1 2949 1 0 0 0 0 0 0 0 0 0 0
5343 2 5344 1 5342 1 0 0 0 0 0 0 0 0
4220 2 4120 1 4319 1 0 0 0 0 0 0 0 0
3410 2 3310 1 3409 1 0 0 0 0 0 0 0 0
2532 2 2533 1 2632 1 0 0 0 0 0 0 0 0
741 2 641 1 842 1 0 0 0 0 0 0 0 0
2327 2 2228 1 2427 1 0 0 0 0 0 0 0 0
1639 2 1538 1 1738 1 0 0 0 0 0 0 0 0
1927 3 1828 1 2027 1 2028 1 0 0 0 0 0 0
2527 4 2428 1 2427 1 2627 1 2628 1 0 0 0 0
1342 2 1341 1 1443 1 0 0 0 0 0 0 0 0
1346 2 1347 1 1246 1 0 0 0 0 0 0 0 0
3508 2 3409 1 3507 1 0 0 0 0 0 0 0 0
2447 2 2448 1 2446 1 0 0 0 0 0 0 0 0
4025 2 4026 1 3924 1 0 0 0 0 0 0 0 0
1944 2 1844 1 2044 1 0 0 0 0 0 0 0 0
2410 2 2411 1 2409 1 0 0 0 0 0 0 0 0
2243 2 2244 1 2142 1 0 0 0 0 0 0 0 0
2730 2 2631 1 2729 1 0 0 0 0 0 0 0 0
1009 2 1010 1 1108 1 0 0 0 0 0 0 0 0
3721 2 3722 1 3821 1 0 0 0 0 0 0 0 0
2412 2 2411 1 2512 1 0 0 0 0 0 0 0 0
2620 2 2621 1 2519 1 0 0 0 0 0 0 0 0
2434 2 2435 1 2433 1 0 0 0 0 0 0 0 0
3724 2 3624 1 3825 1 0 0 0 0 0 0 0 0
3045 2 2944 1 3145 1 0 0 0 0 0 0 0 0
6215 2 6115 1 6314 1 0 0 0 0 0 0 0 0
2436 2 2437 1 2435 1 0 0 0 0 0 0 0 0
3124 2 3025 1 3225 1 0 0 0 0 0 0 0 0
3221 4 3222 1 3121 1 3220 1 3321 1 0 0 0 0
4546 2 4446 1 4545 1 0 0 0 0 0 0 0 0
6314 1 6215 1 0 0 0 0 0 0 0 0 0 0
804 2 805 1 703 1 0 0 0 0 0 0 0 0
336 2 236 1 437 1 0 0 0 0 0 0 0 0
1038 2 937 1 1138 1 0 0 0 0 0 0 0 0
1241 2 1140 1 1340 1 0 0 0 0 0 0 0 0
133 2 34 1 233 1 0 0 0 0 0 0 0 0
540 2 440 1 641 1 0 0 0 0 0 0 0 0
1726 2 1727 1 1626 1 0 0 0 0 0 0 0 0
2530 2 2431 1 2529 1 0 0 0 0 0 0 0 0
2746 2 2747 1 2646 1 0 0 0 0 0 0 0 0
2126 2 2027 1 2226 1 0 0 0 0 0 0 0 0
537 2 437 1 638 1 0 0 0 0 0 0 0 0
1838 2 1738 1 1938 1 0 0 0 0 0 0 0 0
2439 2 2438 1 2539 1 0 0 0 0 0 0 0 0
2550 1 2450 1 0 0 0 0 0 0 0 0 0 0
2628 2 2629 1 2527 1 0 0 0 0 0 0 0 0
905 2 906 1 805 1 0 0 0 0 0 0 0 0
1214 2 1215 1 1213 1 0 0 0 0 0 0 0 0
1631 4 1531 1 1630 1 1730 1 1731 1 0 0 0 0
2406 2 2407 1 2405 1 0 0 0 0 0 0 0 0
3739 2 3740 1 3738 1 0 0 0 0 0 0 0 0
2723 2 2724 1 2823 1 0 0 0 0 0 0 0 0
3421 2 3321 1 3420 1 0 0 0 0 0 0 0 0
4929 2 4829 1 5030 1 0 0 0 0 0 0 0 0
2741 2 2740 1 2842 1 0 0 0 0 0 0 0 0
3727 2 3627 1 3828 1 0 0 0 0 0 0 0 0
