0000 1 1000001 1000001 1000001 1000001 1 
0001 1 1000001 1000001 1 1 1 
0002 1 1000001 1000001 1 1 1 
0003 1 1000001 1000001 1 1 1 
0004 1 1000001 1000001 1 1 2 
0005 1 1000001 1000001 1 2 1 
0006 1 1000001 1000001 1 1 1 
0007 1 1000001 1000001 1 1 1 
0008 2 1000001 1000001 1 1 1 
0009 2 1000001 1000001 2 2 1 
0010 2 1000002 1000002 3 4 2 
0011 2 1000002 1000002 2 3 2 
0012 3 1000002 1000002 2 2 3 
0013 2 1000002 1000002 3 2 2 
0014 1 1000001 1000001 1 1 1 
0015 2 1000002 1000002 2 2 2 
0016 2 1000002 1000002 2 2 2 
0017 3 1000002 1000002 2 2 2 
0018 2 1000002 1000002 3 2 2 
0019 2 1000002 1000002 2 2 2 
0020 1 1000001 1000001 1 1 2 
0021 1 1000001 1000001 1 1 2 
0022 1 1000001 1000001 1 3 1 
0023 3 1000001 1000001 1 2 1 
0024 1 1000001 1000001 3 3 1 
0025 2 1000001 1000001 1 1 1 
0026 1 1000001 1000001 2 2 2 
0027 1 1000001 1000001 1 1 2 
0028 1 1000001 1000001 1 1 1 
0029 2 1000002 1000002 2 2 2 
0030 2 1000002 1000002 2 2 2 
0031 3 1000002 1000002 2 3 2 
0032 2 1000002 1000002 3 2 2 
0033 1 1000001 1000001 1 1 1 
0034 1 1000001 1000001 1 1 1 
0035 1 1000001 1000001 1 1 1 
0036 1 1000001 1000001 1 1 1 
0037 2 1000001 1000001 1 1 1 
0038 2 1000002 1000002 3 3 2 
0039 4 1000002 1000002 2 2 2 
0040 2 1000001 1000001 3 2 1 
0041 4 1000001 1000001 2 1 1 
0042 1 1000001 1000001 4 3 1 
0043 1 1000001 1000001 1 1 1 
0044 3 1000001 1000001 1 2 1 
0045 2 1000001 1000001 3 2 1 
0046 1 1000001 1000001 2 3 1 
0047 1 1000001 1000001 1 1 1 
0048 2 1000001 1000001 1 1 1 
0049 2 1000001 1000001 2 3 1 
0050 1000001 1000001 1000001 2 3 1 
0100 1 1 1 1000001 1 1 
0101 1 1 1 1 1 2 
0102 1 1 1 1 2 2 
0103 1 1 1 1 2 1 
0104 1 2 2 1 2 1 
0106 2 2 2 2 2 2 
0107 2 2 2 2 2 4 
0108 1 2 1 1 4 4 
0109 2 3 1 1 3 3 
0110 1 2 1 2 1 1 
0111 3 2 2 2 2 2 
0112 2 2 3 3 4 2 
0113 2 2 2 2 3 3 
0115 1 1 1 1 1 3 
0116 2 1 1 1 3 3 
0117 1 1 1 2 1 3 
0118 2 2 2 2 3 3 
0119 3 2 2 2 4 3 
0120 2 2 3 3 5 4 
0121 2 3 2 1 4 2 
0122 2 2 1 2 1 1 
0123 3 3 1 2 3 2 
0124 1 1 1 3 1 3 
0125 1 2 1 1 2 2 
0126 1 1 2 1 2 1 
0127 1 1 2 1 1 2 
0128 1 1 1 1 2 3 
0129 2 2 2 2 5 3 
0130 2 3 2 2 3 2 
0131 2 2 2 2 2 2 
0132 2 2 2 2 3 2 
0136 1 1 1 1 1 3 
0137 2 2 1 1 3 5 
0138 2 2 2 3 4 2 
0139 3 2 1 1 1 4 
0140 1 1 1 3 1 1 
0141 4 4 2 2 2 2 
0142 2 1 1 3 2 1 
0143 3 2 1 2 1 4 
0144 1 2 1 3 1 3 
0145 2 3 1 1 2 1 
0146 1 1 1 2 3 1 
0147 2 2 2 2 3 6 
0148 3 4 2 2 6 1000002 
0149 3 4 2 3 5 6 
0150 1000002 1000002 2 3 4 1000002 
0200 1 1 1000001 1000001 1000001 1 
0202 2 3 3 2 2 2 
0203 1 2 2 1 1 1 
0204 1 2 1 1 1 1 
0205 1 1 1 1 2 1 
0206 1 1 1 1 2 1 
0207 2 1 1 1 1 1 
0208 2 5 4 3 4 2 
0209 2 4 5 2 2 2 
0210 2 2 4 2 2 2 
0211 1 1 1 1 2 1 
0212 2 3 1 1 1 1 
0213 1 2 1 2 1 1 
0214 2 2 3 2 2 2 
0215 2 1 1 1 1 1 
0216 1 3 3 2 2 1 
0217 2 1 3 1 1 1 
0218 1 2 3 2 3 1 
0219 1 3 2 1 1 1 
0220 1 4 2 1 1 1 
0221 3 5 4 2 2 2 
0222 1 1 2 2 3 2 
0223 1 3 1 1 3 1 
0224 2 1 2 1 1 1 
0225 1 2 3 2 2 1 
0226 2 2 2 1 1 1 
0227 1 1 1 2 1 1 
0228 3 4 4 3 4 4 
0229 4 6 5 3 5 3 
0230 2 3 3 3 2 2 
0231 2 2 2 2 2 2 
0232 2 3 2 2 3 2 
0234 2 2 2 2 2 2 
0236 3 1 1 1 1 1 
0237 2 3 3 3 3 1 
0238 3 4 6 3 3 3 
0239 4 2 2 3 2 2 
0240 1 1 4 3 3 1 
0241 3 2 2 2 2 3 
0242 3 2 1 2 1 2 
0243 3 1 1 3 1 1 
0244 2 1 4 3 3 1 
0245 3 2 3 2 1 1 
0246 2 3 1 3 3 3 
0247 3 2 1 2 1 1 
0248 2 6 6 4 4 2 
0249 1 4 1000001 1 2 1 
0250 1000002 4 6 2 3 2 
0300 1 1 1 1000001 3 2 
0301 2 2 2 2 2 2 
0302 1 1 1 1 1 2 
0303 1 1 1 1 2 3 
0304 1 2 1 1 3 3 
0305 1 2 1 1 2 3 
0306 1 1 1 1 2 1 
0307 3 4 2 2 2 2 
0308 2 2 2 3 2 2 
0309 2 2 2 2 3 2 
0310 2 3 2 2 3 2 
0312 1 1 1 1 1 2 
0313 1 1 1 1 2 1 
0315 2 3 2 2 2 4 
0316 2 2 2 2 3 6 
0317 4 4 2 2 6 4 
0318 1 1 1 3 1 3 
0319 1 1 1 1 2 2 
0320 1 1 1 1 2 2 
0321 1 3 1 1 2 1 
0322 2 3 2 1 1 1 
0323 1 1 1 2 1 1 
0324 2 2 1 1 1 3 
0325 3 3 3 4 3 4 
0326 4 3 3 3 5 4 
0327 3 4 3 4 6 4 
0328 4 5 4 3 4 3 
0329 1 1 1 2 1 1 
0330 2 1 1 1 1 1 
0331 2 3 2 3 2 2 
0334 2 2 2 2 2 2 
0336 3 3 1 1 1 3 
0337 1 2 1 3 1 3 
0338 2 2 3 2 4 2 
0339 3 3 1 1 1 4 
0340 2 1 1 3 1 1 
0341 2 1 2 2 2 1 
0342 1 1 2 2 1 1 
0343 4 3 1 1 1 3 
0344 1 1 1 4 1 2 
0345 2 4 2 2 4 4 
0346 1 1 3 1 3 4 
0347 2 3 1 1 3 4 
0348 1 2 1 2 2 3 
0349 1 2 1 1 2 1 
0350 1000002 1000002 2 2 3 1000002 
0400 1 3 1000001 1000001 1000001 1 
0401 2 2 3 2 2 2 
0402 2 2 2 2 2 2 
0403 1 2 2 1 1 1 
0404 1 3 3 1 1 1 
0405 1 2 3 1 1 1 
0406 1 2 3 1 1 1 
0407 2 2 2 2 2 2 
0408 2 2 2 2 2 2 
0409 2 3 2 2 2 2 
0410 2 3 2 2 2 2 
0411 2 2 2 2 2 2 
0412 2 2 2 2 2 2 
0413 2 2 2 1 1 1 
0414 1 1 1 2 2 1 
0415 2 1 1 1 1 1 
0416 4 3 4 3 2 3 
0417 3 6 6 4 2 2 
0418 4 2 4 3 2 3 
0419 2 3 4 4 2 2 
0420 2 3 3 2 2 2 
0421 1 2 2 1 1 1 
0424 2 1 1 1 1 1 
0425 1 1 3 2 1 1 
0426 1 3 2 1 1 1 
0427 4 6 4 3 3 3 
0428 3 4 4 4 3 3 
0429 3 3 3 3 3 3 
0430 3 3 3 3 3 3 
0434 2 2 2 2 2 2 
0436 3 2 2 2 2 2 
0437 3 1 3 2 1 2 
0438 2 3 3 3 1 1 
0439 4 2 2 3 3 3 
0440 1 1 4 3 1 1 
0441 3 2 1 1 1 2 
0442 3 2 2 4 2 3 
0443 3 1 1 2 1 2 
0444 1 1 3 3 1 1 
0445 1 3 2 1 1 1 
0446 2 4 4 2 2 2 
0447 1 3 4 1 1 1 
0448 1 2 4 1 1 1 
0449 3 2 3 1 1 1 
0450 1000001 2 1 3 2 1 
0500 1 1 1 1000001 3 2 
0502 3 2 2 2 2 2 
0503 1 1 1 2 3 2 
0504 1 1 1 1 3 2 
0505 1 1 1 1 2 1 
0506 2 2 2 2 2 2 
0507 2 2 2 2 2 3 
0508 2 2 2 2 3 3 
0509 3 2 2 2 3 3 
0510 2 2 2 3 2 2 
0512 2 2 2 2 2 4 
0513 2 2 1 1 3 3 
0514 1 1 1 2 1 2 
0515 3 1 1 1 2 1 
0516 1 1 2 3 3 3 
0517 3 1 1 1 3 1 
0518 1 1 2 3 2 2 
0519 1 1 1 1 3 2 
0520 2 2 2 2 3 2 
0521 1 1 1 1 1 2 
0522 1 1 1 1 1 2 
0523 2 2 2 2 3 2 
0524 2 1 1 1 2 1 
0525 1 1 1 2 2 2 
0526 3 2 2 2 3 5 
0527 2 2 2 3 3 2 
0528 3 3 3 3 3 3 
0529 3 3 3 3 4 3 
0531 1 1 1 1 1 2 
0532 1 1 1 1 2 1 
0533 2 2 2 2 2 2 
0535 3 2 2 2 2 2 
0536 4 2 2 3 3 2 
0537 1 1 2 3 2 1 
0538 2 3 2 2 2 4 
0539 1 1 2 1 3 1 
0540 3 1 1 1 1 1 
0541 4 2 3 4 3 2 
0542 2 1 2 3 3 1 
0543 2 2 3 3 3 2 
0544 1 1 1 1 1 2 
0545 1 1 1 1 3 1 
0546 2 2 2 2 2 4 
0547 1 1 1 1 4 1 
0548 1 1 1 1 2 1 
0549 3 2 1 1 1 1 
0550 1000001 1000001 1 3 4 1000001 
0600 1 3 1000001 1000001 1000001 1 
0601 1 1 2 1 1 1 
0602 2 2 2 2 2 2 
0603 2 4 2 2 2 2 
0604 2 4 3 2 2 2 
0605 1 2 2 1 2 1 
0606 2 2 2 2 3 2 
0607 3 2 2 2 2 2 
0608 2 3 3 3 4 2 
0609 2 3 3 2 2 2 
0610 1 1 2 1 1 1 
0611 1 1 1 1 2 1 
0612 3 2 2 2 2 2 
0613 2 4 4 3 2 2 
0614 1 1 3 1 1 1 
0615 2 2 2 1 1 1 
0616 1 3 1 2 2 1 
0617 2 3 3 1 1 1 
0618 1 2 1 2 3 1 
0619 1 3 2 1 1 1 
0620 2 3 3 2 2 2 
0621 2 1 1 1 1 1 
0622 1 1 2 2 3 2 
0623 2 3 3 2 4 2 
0624 3 3 2 2 2 2 
0625 1 2 1 2 2 1 
0626 2 2 2 1 1 1 
0627 2 3 5 3 2 2 
0628 2 2 2 2 3 3 
0629 3 3 2 2 4 2 
0630 2 2 2 3 2 2 
0632 1 2 2 1 2 1 
0635 2 2 2 2 2 2 
0636 4 3 2 2 2 2 
0637 2 2 1 3 3 1 
0638 2 1 1 2 2 2 
0639 4 4 4 3 2 2 
0640 1 1 1 3 3 1 
0641 2 2 1 1 1 2 
0642 4 4 2 3 2 3 
0643 4 3 2 4 2 2 
0644 3 2 2 4 4 2 
0645 3 3 2 2 1 1 
0646 2 1 1 3 3 3 
0647 4 5 4 3 2 2 
0648 2 3 2 4 4 2 
0649 1 1 1 1 2 1 
0650 1000001 4 1 1 2 1 
0700 1 1 1 1000001 1 1 
0702 1 1 1 1 2 1 
0704 2 3 2 2 2 2 
0705 2 3 2 2 2 2 
0706 2 2 2 2 2 2 
0707 3 4 2 2 2 2 
0708 1 1 1 2 3 1 
0709 2 2 2 2 3 2 
0710 1 2 1 1 1 1 
0712 1 1 1 1 1 2 
0713 2 2 2 2 3 3 
0715 1 2 1 1 1 1 
0716 1 1 1 1 2 1 
0717 3 3 1 1 1 1 
0718 1 1 1 3 2 2 
0719 1 1 1 1 1 2 
0720 2 2 2 2 3 4 
0721 2 4 2 2 4 3 
0722 2 3 2 1 1 1 
0723 2 2 2 3 3 2 
0724 3 3 2 2 2 2 
0725 2 2 2 3 3 2 
0726 3 2 2 2 2 2 
0727 1 2 1 2 2 1 
0728 2 3 2 1 1 1 
0729 2 2 2 3 3 3 
0730 3 2 2 2 2 2 
0731 1 2 1 2 2 1 
0735 2 2 2 2 2 2 
0736 4 4 2 2 2 2 
0737 1 2 1 3 3 1 
0738 2 2 3 2 2 3 
0739 3 3 1 1 2 1 
0740 2 1 1 3 2 1 
0741 2 1 2 2 2 2 
0742 2 2 3 3 2 2 
0743 4 3 1 1 1 1 
0744 2 2 2 5 4 2 
0745 1 3 1 1 1 1 
0746 1 1 3 1 1 1 
0747 2 3 1 1 2 1 
0748 2 3 2 3 4 2 
0749 2 3 2 2 3 2 
0750 1000002 1000002 2 2 2 1000002 
0800 1 1 1000001 1000001 1000001 1 
0802 1 2 1 1 1 1 
0804 1 1 1 1 1 2 
0805 1 1 1 1 2 1 
0806 2 2 2 2 2 2 
0807 2 2 2 2 2 2 
0808 3 4 2 2 2 2 
0809 2 2 1 2 2 1 
0810 1 1 1 2 3 1 
0811 1 1 1 1 2 1 
0812 2 1 1 1 1 2 
0813 1 2 2 2 1 1 
0814 2 2 3 2 2 2 
0815 2 2 2 2 2 2 
0816 2 3 2 2 2 2 
0817 2 1 1 1 1 1 
0818 1 2 1 2 1 1 
0819 1 1 2 1 1 1 
0820 1 2 2 1 1 2 
0821 1 3 3 1 1 2 
0822 2 2 3 2 4 2 
0823 3 2 1 1 2 1 
0824 1 1 1 3 3 1 
0825 2 2 1 1 1 1 
0826 2 2 2 3 3 3 
0827 2 3 2 2 2 3 
0829 1 2 1 1 1 1 
0830 1 1 2 1 1 1 
0831 4 4 3 3 4 3 
0832 1 1 1 2 1 1 
0834 2 2 2 2 2 2 
0835 2 2 2 2 2 2 
0836 2 2 2 2 2 2 
0837 2 3 1 1 1 1 
0838 1 1 1 2 2 1 
0839 4 3 3 2 2 2 
0840 4 4 1 5 4 1 
0841 4 2 1 2 1 1 
0842 1 1 2 4 3 1 
0843 3 3 3 3 3 3 
0844 4 4 2 2 3 2 
0845 3 2 2 4 3 2 
0846 2 2 2 3 4 2 
0847 1 2 1 1 1 1 
0848 2 3 1 1 1 1 
0849 2 2 1 2 3 1 
0850 1000001 1 1 2 3 1 
0900 1 1 1 1000001 1 1 
0904 1 2 2 1 1 1 
0905 1 1 1 1 2 2 
0906 1 1 1 1 2 2 
0907 1 1 1 1 2 1 
0908 1 2 1 1 2 1 
0909 3 4 2 2 2 2 
0910 2 3 2 3 3 2 
0911 2 1 1 1 1 1 
0912 1 1 2 2 1 1 
0913 2 2 2 2 2 2 
0914 2 2 2 2 3 2 
0915 2 2 2 2 2 2 
0916 3 2 2 2 2 2 
0917 2 2 2 3 3 2 
0918 1 1 1 1 2 1 
0919 3 2 2 2 2 2 
0920 2 2 3 3 3 2 
0921 3 4 3 2 2 2 
0922 3 3 2 3 3 2 
0923 3 3 1 2 2 1 
0924 1 1 1 3 2 1 
0925 1 2 1 1 1 1 
0926 2 2 3 2 2 2 
0927 2 2 3 2 2 2 
0928 2 2 2 2 2 2 
0930 1 2 1 1 1 1 
0934 2 2 2 2 2 2 
0935 2 2 2 2 2 2 
0936 2 2 2 2 2 2 
0937 2 2 1 1 1 1 
0938 2 2 2 3 3 3 
0939 3 2 1 1 2 1 
0940 1 1 1 3 3 1 
0941 3 3 1 1 1 2 
0942 2 1 1 3 1 2 
0943 5 4 3 2 3 1 
0944 1 2 1 3 2 2 
0945 3 4 2 2 4 2 
0946 2 2 2 3 3 2 
0947 1 1 1 1 2 1 
0948 2 3 1 1 1 1 
0949 2 3 1 2 3 1 
0950 1000001 1000001 1 2 2 1000001 
1000 1 1 1000001 1000001 1000001 1 
1003 2 2 2 2 2 2 
1004 2 2 2 2 2 2 
1005 1 2 1 1 1 1 
1006 1 2 2 1 1 1 
1007 1 2 2 1 1 1 
1008 1 2 1 1 2 1 
1009 1 1 1 1 2 1 
1010 2 2 1 1 1 1 
1011 2 1 1 2 2 1 
1012 1 1 1 2 2 1 
1013 2 1 1 1 2 1 
1014 2 3 2 3 3 2 
1015 2 2 2 2 2 2 
1017 2 3 2 2 2 2 
1018 1 2 1 1 2 1 
1019 2 2 2 2 3 3 
1020 3 3 2 2 3 3 
1021 2 2 2 3 2 2 
1022 3 3 2 2 2 2 
1023 1 2 1 2 2 1 
1024 2 2 1 1 1 1 
1025 2 2 2 3 2 2 
1026 1 1 1 1 2 1 
1029 2 2 2 2 2 2 
1031 3 3 3 3 3 3 
1035 2 2 2 2 2 2 
1036 2 2 2 2 2 2 
1037 2 2 2 2 2 2 
1038 1 2 1 1 1 1 
1039 3 3 3 2 2 2 
1040 5 3 3 4 4 1 
1041 3 2 2 4 4 2 
1042 4 2 3 3 3 2 
1043 1 1 2 3 2 1 
1044 1 2 1 1 1 1 
1045 5 5 4 3 3 3 
1046 2 3 2 4 3 2 
1047 3 3 2 2 3 2 
1048 1 1 1 2 2 1 
1049 3 3 1 1 1 1 
1050 1000001 2 1 3 3 1 
1100 1 1 1 1000001 1 1 
1103 2 2 2 2 2 2 
1104 2 2 2 2 2 2 
1107 1 2 1 1 1 1 
1108 2 2 1 1 1 1 
1109 1 1 1 2 3 2 
1110 2 2 1 1 2 1 
1111 1 2 1 2 2 1 
1112 2 2 1 1 2 1 
1113 2 2 1 2 2 1 
1114 2 2 2 3 4 2 
1116 2 2 2 2 2 2 
1117 2 3 2 2 2 2 
1118 2 3 2 2 2 2 
1119 1 2 2 1 1 1 
1120 2 2 3 2 2 2 
1122 2 2 1 1 1 1 
1123 1 1 1 2 2 1 
1124 3 2 2 2 2 2 
1125 2 3 2 3 4 2 
1126 2 2 2 2 2 2 
1128 2 2 2 2 2 2 
1129 2 2 2 2 2 2 
1130 3 3 3 3 3 3 
1135 2 2 2 2 2 2 
1136 2 2 2 2 2 2 
1137 2 2 2 2 2 2 
1139 2 2 1 1 1 1 
1140 3 3 1 2 2 1 
1141 4 3 2 4 3 2 
1142 2 2 1 3 2 1 
1143 1 1 1 2 1 1 
1144 2 1 1 1 1 1 
1145 3 4 3 2 4 1 
1146 3 3 2 2 3 2 
1147 3 3 2 3 3 2 
1148 2 2 2 3 3 2 
1149 2 3 1 1 2 1 
1150 1000001 1000001 1 2 2 1000001 
1200 1 1 1000001 1000001 1000001 1 
1202 1 1 1 1 2 1 
1204 2 2 2 2 2 2 
1205 2 2 2 2 2 2 
1209 1 3 1 1 1 1 
1210 2 2 2 1 2 1 
1211 1 2 1 2 2 1 
1212 2 2 1 1 1 1 
1213 1 2 1 2 2 1 
1214 2 3 1 1 2 1 
1215 1 1 1 2 3 3 
1216 1 1 1 1 3 2 
1217 1 1 1 1 3 3 
1218 1 1 1 1 2 2 
1219 1 1 1 1 2 2 
1220 1 1 1 1 2 2 
1221 1 1 1 1 2 2 
1222 1 1 1 1 2 1 
1223 1 2 1 1 2 1 
1224 2 1 1 1 1 1 
1225 3 3 1 2 2 1 
1226 2 2 2 4 3 2 
1227 2 2 2 2 2 2 
1229 2 2 2 2 2 2 
1233 3 3 3 3 3 3 
1236 2 2 2 2 2 2 
1237 2 2 2 2 2 2 
1240 5 4 3 3 3 3 
1241 1 2 1 3 3 1 
1242 3 2 1 1 1 1 
1243 1 1 1 3 2 1 
1245 1 2 1 1 1 1 
1246 2 2 1 1 1 1 
1247 2 2 1 2 2 1 
1248 2 3 2 3 3 2 
1249 2 2 1 1 2 1 
1250 1000001 2 1 2 2 1 
1300 1 1 1 1000001 1 1 
1301 1 2 1 1 1 1 
1302 1 1 1 1 1 2 
1303 1 1 1 1 2 1 
1304 2 2 2 2 2 2 
1305 2 2 2 2 2 2 
1306 2 2 2 2 2 2 
1307 2 2 2 2 2 2 
1309 2 2 1 1 1 1 
1310 1 2 1 2 2 1 
1311 1 1 1 1 2 1 
1312 1 2 1 1 1 1 
1313 1 2 1 1 1 1 
1314 1 3 1 1 2 2 
1315 1 3 3 1 2 1 
1316 1 3 2 1 2 2 
1317 1 2 3 1 2 2 
1318 1 2 2 1 2 2 
1319 1 2 2 1 2 1 
1320 1 2 2 1 1 1 
1321 1 2 2 1 1 1 
1322 2 3 2 2 2 2 
1323 2 2 2 2 2 2 
1324 1 2 1 1 1 1 
1325 1 2 1 1 1 1 
1326 2 2 2 2 2 2 
1327 3 3 3 3 3 3 
1328 3 3 3 3 3 3 
1332 3 3 3 3 3 3 
1333 3 3 3 3 3 3 
1336 2 2 2 2 2 2 
1337 2 2 2 2 2 2 
1340 3 3 1 1 1 1 
1341 1 1 1 3 2 1 
1342 3 2 1 1 1 2 
1343 1 1 1 3 1 1 
1344 2 2 2 2 2 2 
1346 2 2 1 1 1 1 
1347 3 4 3 2 4 2 
1348 4 4 3 3 5 3 
1349 1 2 1 2 3 1 
1350 1000001 1000001 1 1 1 1000001 
1400 1 1 1000001 1000001 1000001 1 
1403 1 2 2 1 2 1 
1407 2 2 2 2 2 2 
1408 2 2 2 2 2 2 
1410 1 2 1 1 1 1 
1411 1 2 1 1 1 1 
1412 1 1 1 1 1 2 
1413 1 1 1 1 2 1 
1414 1 2 1 1 2 2 
1415 1 2 2 1 2 2 
1416 1 2 1 1 1 1 
1417 1 2 2 1 1 2 
1418 1 2 2 1 2 2 
1419 1 2 2 1 2 3 
1420 1 1 1 1 2 1 
1423 1 1 1 1 1 2 
1424 1 1 1 1 2 2 
1425 2 2 2 2 3 2 
1426 2 2 2 2 2 2 
1429 3 3 3 3 3 3 
1433 3 3 3 3 3 3 
1437 2 2 2 2 2 2 
1438 2 2 2 2 2 2 
1440 2 1 1 1 1 1 
1441 3 2 1 2 1 1 
1442 3 1 1 3 2 2 
1443 1 1 2 3 1 1 
1444 2 2 2 2 2 2 
1445 2 2 2 2 2 2 
1447 1 2 1 1 1 1 
1448 2 3 2 1 1 2 
1449 3 3 1 2 1 3 
1450 1000001 1 1 3 1 2 
1500 1 1 1 1000001 1 2 
1502 1 2 1 1 1 1 
1507 1 1 1 1 1 2 
1509 1 1 1 1 2 1 
1510 2 1 1 1 1 1 
1511 2 1 1 2 2 1 
1512 1 2 2 2 1 1 
1513 1 2 1 1 2 2 
1514 1 2 2 1 2 2 
1515 1 1 2 1 2 2 
1516 1 1 1 1 2 1 
1517 1 2 2 1 1 2 
1518 2 3 3 2 3 3 
1519 3 3 4 2 2 2 
1520 2 2 2 3 3 3 
1521 2 1 1 1 1 1 
1522 1 1 1 2 2 1 
1523 1 2 2 1 2 1 
1524 1 2 2 1 1 1 
1525 1 1 1 1 2 2 
1526 1 1 1 1 2 2 
1527 1 1 1 1 2 1 
1528 3 3 3 3 3 3 
1532 3 3 3 3 3 3 
1533 3 3 3 3 3 3 
1537 2 2 2 2 2 2 
1540 4 3 3 3 3 3 
1541 1 2 1 2 1 1 
1542 2 1 2 1 1 2 
1543 1 1 1 2 1 1 
1544 2 2 2 2 2 2 
1545 2 2 2 2 2 2 
1547 3 1 1 1 1 2 
1548 3 1 2 3 1 2 
1549 2 1 3 3 1 1 
1550 1000001 1000001 2 2 1 1000001 
1600 2 2 1000002 1000002 1000002 2 
1601 1 1 2 1 1 1 
1607 1 1 1 1 1 2 
1608 1 1 2 1 3 2 
1609 3 3 2 2 3 2 
1610 2 2 2 3 2 2 
1611 2 3 2 2 3 2 
1612 3 2 2 2 3 2 
1613 2 3 2 3 2 2 
1614 2 3 3 2 2 2 
1615 2 3 3 2 2 2 
1616 2 3 3 2 2 2 
1617 2 1 1 1 1 1 
1618 1 2 2 2 1 1 
1619 1 1 2 1 1 1 
1620 2 3 2 2 3 2 
1621 1 1 2 1 1 1 
1622 2 3 2 2 3 2 
1623 3 3 2 2 2 2 
1624 1 1 1 2 2 1 
1625 1 2 1 1 1 1 
1626 1 2 2 1 1 1 
1627 1 2 2 1 1 1 
1635 3 3 3 3 3 3 
1638 2 2 2 2 2 2 
1640 4 3 3 3 3 3 
1641 2 1 1 2 1 2 
1642 3 1 1 2 1 3 
1643 1 1 2 3 1 1 
1645 2 2 2 2 2 2 
1648 4 2 3 2 2 3 
1649 3 2 3 4 2 3 
1650 1000001 1 1 2 1 2 
1700 2 2 2 1000002 2 2 
1701 2 2 2 2 2 2 
1702 2 2 2 2 2 2 
1703 2 2 2 2 2 2 
1704 2 2 2 2 2 2 
1707 1 3 2 1 1 1 
1708 1 2 2 1 2 1 
1709 1 1 1 1 2 1 
1710 2 3 2 2 2 2 
1711 2 3 2 2 3 2 
1712 2 2 2 2 2 2 
1713 2 2 2 2 2 2 
1715 2 2 2 2 2 2 
1716 1 1 1 1 2 2 
1717 1 1 1 1 2 1 
1719 1 2 1 1 1 1 
1720 2 2 2 2 3 2 
1721 2 3 2 2 2 2 
1722 2 2 2 2 3 2 
1723 2 2 1 1 1 1 
1724 1 1 1 2 2 1 
1725 1 1 1 1 2 1 
1732 3 3 3 3 3 3 
1733 3 3 3 3 3 3 
1737 2 2 2 2 2 2 
1739 3 3 3 3 3 3 
1740 5 1 3 3 3 1 
1741 3 1 2 3 2 2 
1742 3 3 5 5 3 3 
1745 2 2 2 2 2 2 
1746 2 1 1 1 1 2 
1747 3 2 2 3 2 2 
1748 4 2 3 3 2 3 
1749 2 1 2 3 1 3 
1750 1000001 1000001 2 2 1 1000001 
1800 2 2 1000002 1000002 1000002 2 
1801 3 2 2 2 2 3 
1802 1 1 1 2 1 1 
1804 2 2 2 2 2 2 
1805 2 2 2 2 2 2 
1807 1 1 1 1 1 2 
1808 1 2 1 1 1 1 
1809 2 3 2 2 2 2 
1810 2 1 1 1 1 1 
1811 2 2 1 2 2 1 
1812 1 1 1 2 2 2 
1813 1 1 1 1 2 1 
1814 3 2 2 2 2 2 
1815 2 2 2 3 3 2 
1816 2 3 2 2 2 2 
1817 2 3 3 2 2 2 
1818 1 1 1 1 2 2 
1819 2 2 2 2 2 2 
1820 1 2 1 1 1 1 
1821 2 2 2 2 2 2 
1822 3 3 2 2 2 2 
1823 2 2 2 3 2 2 
1824 2 3 2 2 2 3 
1825 1 2 1 1 1 1 
1830 3 1 3 3 1 3 
1835 3 3 3 3 3 3 
1840 4 3 3 3 3 3 
1841 3 4 1 4 1 3 
1842 1 1 2 1 1 1 
1845 2 2 2 2 2 2 
1846 2 1 1 1 1 1 
1847 2 2 3 3 3 3 
1848 4 2 2 2 2 2 
1849 2 1 2 3 2 1 
1850 1000002 2 4 3 2 3 
1900 1 1 1 1000001 1 1 
1901 1 1 2 1 1 1 
1903 1 1 1 1 1 2 
1904 1 1 1 1 2 2 
1905 1 1 1 1 2 1 
1907 2 1 2 1 1 2 
1908 1 1 1 2 1 1 
1909 2 2 2 2 2 2 
1910 3 3 2 2 2 2 
1911 1 2 1 2 1 1 
1912 1 2 2 1 1 1 
1914 3 3 2 2 3 2 
1915 1 1 1 2 1 1 
1917 2 3 2 2 2 2 
1918 2 2 3 2 2 2 
1921 3 2 2 2 2 2 
1922 2 2 2 3 2 2 
1923 2 1 1 1 1 1 
1924 3 3 4 4 3 3 
1925 3 3 3 3 3 3 
1929 3 1 3 3 1 3 
1930 3 1 3 3 1 3 
1932 3 3 3 3 3 3 
1934 2 2 2 2 2 2 
1935 2 2 2 2 2 2 
1937 2 2 2 2 2 2 
1940 4 1 3 3 1 1 
1941 4 3 3 4 3 4 
1942 1 1 1 2 1 1 
1946 5 3 2 2 2 3 
1947 2 2 3 5 3 2 
1948 2 3 2 2 2 2 
1949 4 2 2 2 2 3 
1950 1000002 1000002 3 4 2 1000002 
2000 1 1 1000001 1000001 1000001 1 
2001 1 1 1 1 2 1 
2004 1 2 2 1 1 1 
2005 1 2 2 1 1 2 
2006 1 1 1 1 1 2 
2008 1 1 2 1 1 1 
2011 2 2 2 2 2 2 
2012 2 2 2 2 2 3 
2013 2 2 2 2 2 2 
2014 3 4 3 3 3 3 
2015 3 3 3 3 3 3 
2017 3 3 3 3 3 3 
2018 2 2 2 2 2 2 
2019 2 2 2 2 2 2 
2020 2 2 2 2 2 2 
2021 2 2 2 2 2 2 
2022 2 2 2 2 2 2 
2023 2 2 2 2 2 2 
2024 2 1 1 1 1 1 
2025 1 1 1 2 2 2 
2026 1 1 1 1 2 1 
2029 3 1 3 3 1 3 
2032 3 3 3 3 3 3 
2036 2 2 2 2 2 2 
2037 2 2 2 2 2 2 
2039 2 1 1 1 1 1 
2040 1 1 1 2 1 1 
2041 1 1 1 1 1 2 
2042 3 3 4 3 3 3 
2046 2 1 1 1 1 1 
2047 3 2 2 2 2 1 
2048 1 1 1 3 3 2 
2049 3 2 2 2 3 2 
2050 1000002 2 3 3 2 2 
2100 1 2 1 1000001 1 1 
2102 2 2 2 2 2 2 
2103 2 2 2 2 2 2 
2104 2 2 2 2 2 2 
2105 2 2 3 2 2 2 
2106 2 2 3 2 2 2 
2111 1 1 1 1 1 2 
2112 1 1 2 1 1 1 
2114 3 3 3 3 3 3 
2115 3 3 3 3 3 4 
2116 3 3 3 3 4 3 
2117 2 2 2 2 3 2 
2118 2 2 2 2 2 2 
2120 2 2 2 2 2 2 
2121 2 2 2 2 2 2 
2122 1 1 1 1 2 1 
2123 1 1 1 1 1 2 
2124 1 2 1 1 2 1 
2125 4 4 4 3 3 3 
2126 1 1 1 2 1 1 
2127 3 3 3 3 3 3 
2130 3 3 1 3 1 3 
2131 3 3 3 3 3 3 
2135 3 3 3 3 3 3 
2136 2 2 2 2 2 2 
2137 2 2 2 2 2 2 
2141 1 1 2 1 1 1 
2146 2 2 1 1 1 1 
2147 1 3 1 2 2 2 
2148 1 2 2 1 3 1 
2149 2 1 1 1 2 2 
2150 1000002 1000002 2 3 2 1000002 
2200 1 1 1000001 1000001 1000001 1 
2202 2 2 2 2 2 2 
2203 3 2 2 2 2 2 
2204 2 2 2 3 3 2 
2205 2 2 2 2 3 2 
2206 2 2 2 2 2 2 
2207 2 2 2 2 2 3 
2208 1 1 1 1 2 1 
2209 2 2 2 2 3 3 
2210 2 2 2 2 3 2 
2211 2 2 2 2 3 3 
2212 1 1 2 1 1 1 
2213 2 2 2 2 3 2 
2214 1 1 1 1 2 2 
2215 1 1 1 1 2 2 
2216 1 2 2 1 1 1 
2217 3 4 3 3 3 3 
2218 3 3 3 3 3 3 
2219 2 2 2 2 2 2 
2220 2 2 2 2 2 2 
2222 2 2 1 1 1 1 
2223 2 2 2 3 3 2 
2224 1 2 2 1 1 1 
2225 3 3 3 3 3 3 
2227 3 3 3 3 3 3 
2233 3 3 3 3 3 3 
2234 3 3 3 3 3 3 
2235 3 3 3 3 3 3 
2236 2 2 2 2 2 2 
2237 2 2 2 2 2 2 
2245 2 1 1 1 1 1 
2246 1 1 1 2 3 2 
2247 2 3 2 2 2 3 
2248 2 3 2 1 2 1 
2249 1 2 1 2 2 1 
2250 1000001 1 2 1 1 1 
2300 1 1 1 1000001 1 1 
2302 2 2 2 2 2 2 
2303 2 3 2 2 2 2 
2304 1 2 1 1 1 1 
2306 2 2 2 2 2 2 
2307 2 3 3 2 2 2 
2308 2 3 2 2 2 2 
2309 2 3 3 2 2 2 
2310 2 3 2 2 2 2 
2311 1 1 2 1 1 1 
2312 2 3 2 2 2 2 
2313 2 3 2 2 2 2 
2314 2 3 3 2 2 3 
2315 2 1 2 1 2 2 
2316 1 1 1 2 1 1 
2317 3 3 3 3 3 3 
2318 3 3 3 3 3 3 
2322 1 2 1 1 1 1 
2326 3 3 3 3 3 3 
2329 3 1 3 1 3 3 
2332 3 3 3 3 3 3 
2333 3 3 3 3 3 3 
2334 3 3 3 3 3 3 
2335 2 2 2 2 2 2 
2344 2 1 1 1 1 1 
2345 1 3 1 2 1 1 
2346 2 2 3 2 2 4 
2347 2 2 2 1 2 1 
2348 1 2 1 2 3 1 
2350 1000002 1000002 2 2 2 1000002 
2400 1 1 1000001 1000001 1000001 2 
2401 1 1 1 1 2 2 
2402 1 1 1 1 2 1 
2407 1 1 1 1 1 2 
2410 1 1 1 1 1 2 
2411 1 1 1 1 2 2 
2412 1 1 1 1 2 2 
2413 2 2 2 2 2 2 
2414 2 2 2 2 2 2 
2415 1 2 2 1 1 1 
2416 1 1 2 1 1 1 
2417 1 3 3 3 1 4 
2418 3 3 3 1 3 1 
2419 3 3 3 3 3 3 
2420 3 3 3 3 3 3 
2421 3 3 3 3 3 3 
2426 1 1 1 1 2 1 
2444 2 1 1 1 1 1 
2445 1 1 1 2 2 2 
2446 2 1 1 1 3 1 
2447 1 2 3 2 3 1 
2448 2 3 1 1 1 2 
2449 1 1 1 2 4 3 
2450 1000001 1 1 1 3 1 
2500 1 2 2 1000001 1 1 
2501 1 2 2 1 1 1 
2502 1 1 1 1 2 2 
2503 1 1 1 1 2 1 
2506 2 1 1 1 1 1 
2507 1 1 2 2 2 1 
2509 2 1 1 1 1 1 
2510 1 2 2 2 2 1 
2511 1 2 2 1 1 1 
2512 1 1 2 1 1 1 
2513 2 2 2 2 3 3 
2514 2 1 1 1 1 1 
2515 1 3 3 4 1 3 
2516 3 1 3 1 3 3 
2517 3 3 4 3 3 3 
2518 1 3 1 3 3 3 
2519 3 3 3 1 3 1 
2520 3 3 3 3 3 3 
2525 1 2 1 1 1 1 
2539 1 1 1 1 2 1 
2541 2 2 2 2 2 2 
2542 2 2 2 2 2 2 
2543 2 2 2 2 2 2 
2544 1 2 1 1 1 2 
2545 3 4 3 2 3 3 
2546 3 4 2 3 2 2 
2547 2 1 1 2 2 1 
2548 1 4 2 2 3 1 
2549 2 3 3 1 1 2 
2550 1000001 1000001 1 2 4 1000001 
2600 2 1 1000001 1000001 1000001 1 
2601 1 1 1 2 2 1 
2602 1 2 1 1 1 1 
2603 1 2 2 1 1 1 
2604 1 1 1 1 2 1 
2606 1 1 1 1 1 2 
2607 2 2 1 1 2 1 
2608 1 1 1 2 1 1 
2609 1 1 1 1 2 1 
2610 2 2 1 1 1 1 
2611 1 1 1 2 1 1 
2613 1 2 1 1 1 1 
2614 1 1 2 1 1 1 
2615 2 1 1 1 1 1 
2616 3 3 3 4 3 3 
2618 3 3 3 3 3 3 
2619 3 3 3 3 3 3 
2620 1 3 1 3 3 3 
2621 1 3 3 1 3 3 
2633 3 3 3 3 3 3 
2634 3 3 3 3 3 3 
2639 1 2 1 1 1 1 
2642 2 2 2 2 2 2 
2643 2 2 2 2 2 3 
2644 2 2 2 2 3 4 
2645 1 2 2 1 2 3 
2646 1 1 2 1 3 3 
2647 2 3 2 2 4 2 
2648 3 4 2 2 2 2 
2649 2 1 1 2 2 1 
2650 1000001 4 2 2 3 1 
2700 2 2 1 1000001 2 1 
2701 1 1 1 2 1 1 
2703 2 2 1 1 1 1 
2704 1 1 1 2 2 1 
2705 1 1 1 1 1 2 
2706 1 2 2 1 1 1 
2707 1 1 1 1 2 1 
2708 2 2 1 1 1 1 
2709 1 1 1 2 2 1 
2710 2 1 1 1 1 1 
2711 1 1 1 2 1 1 
2716 1 1 1 1 2 2 
2719 3 3 3 3 3 3 
2720 3 3 3 3 3 3 
2731 3 3 3 3 3 3 
2732 3 3 3 3 3 3 
2735 2 2 2 2 2 2 
2736 2 2 2 2 2 2 
2741 2 1 1 1 1 1 
2742 2 2 2 3 2 3 
2743 2 3 3 2 4 3 
2744 2 3 4 2 4 3 
2745 1 3 3 1 3 1 
2746 2 3 3 1 1 2 
2747 1 1 1 2 4 3 
2748 2 3 2 2 4 2 
2749 4 4 2 2 2 2 
2750 1000002 1000002 2 4 3 1000002 
2800 1 2 1000001 1000001 1000001 1 
2801 2 1 1 1 2 2 
2802 1 1 1 2 1 1 
2803 2 2 2 2 2 2 
2804 3 3 2 2 2 2 
2805 2 1 1 2 2 1 
2806 1 1 2 2 1 1 
2807 2 2 1 1 1 1 
2808 1 1 1 2 3 1 
2809 3 2 1 1 1 1 
2810 1 1 1 3 2 1 
2811 2 1 1 1 1 1 
2812 1 1 1 2 1 1 
2814 1 1 1 1 1 2 
2815 2 1 1 1 2 2 
2816 1 2 1 2 1 1 
2817 1 1 2 1 1 1 
2818 3 3 3 3 3 3 
2819 3 3 3 3 3 3 
2828 3 3 3 3 3 3 
2832 3 3 3 3 3 3 
2835 3 3 3 3 3 4 
2836 1 1 1 1 2 1 
2837 2 2 2 2 2 2 
2839 2 1 1 1 1 3 
2840 2 1 1 2 1 2 
2841 1 1 1 2 1 1 
2843 1 3 2 1 1 1 
2844 2 4 3 2 2 2 
2845 3 4 3 2 3 2 
2846 3 1 1 2 3 1 
2847 2 5 3 4 4 2 
2848 2 3 3 1 1 1 
2849 1 1 1 2 3 2 
2850 1000002 3 2 2 2 2 
2900 1 2 1 1000001 1 1 
2901 1 1 2 1 1 1 
2902 2 2 2 2 2 2 
2904 2 3 2 2 2 2 
2905 2 1 1 1 1 1 
2906 1 1 1 2 1 1 
2907 2 3 1 1 1 1 
2908 1 1 1 2 2 1 
2909 2 2 1 1 1 1 
2910 2 2 2 3 3 2 
2911 2 2 2 2 2 2 
2913 2 2 2 2 2 3 
2914 2 3 3 2 2 2 
2915 1 1 2 1 1 1 
2917 3 3 3 3 3 3 
2918 3 3 3 3 3 3 
2920 1 1 1 1 2 1 
2927 3 3 3 3 3 3 
2928 3 3 3 3 3 3 
2929 3 3 3 3 3 3 
2930 2 2 2 2 2 2 
2931 2 2 2 2 2 2 
2932 2 2 2 2 2 2 
2934 4 3 3 3 3 3 
2935 2 3 3 3 2 2 
2936 2 2 2 2 3 2 
2938 3 1 1 1 1 4 
2939 3 1 3 3 1 2 
2940 1 1 2 3 1 1 
2941 2 2 2 2 2 2 
2942 2 2 2 2 2 2 
2944 1 2 1 1 1 1 
2945 4 4 2 2 2 3 
2946 4 4 2 4 2 3 
2947 2 2 2 4 2 2 
2948 2 4 2 2 2 3 
2949 1 1 2 1 3 2 
2950 1000001 1000001 1 1 3 1000001 
3000 1 1 1000001 1000001 1000001 1 
3003 2 2 2 2 2 2 
3005 2 2 2 2 2 2 
3006 2 1 1 1 1 1 
3007 1 1 1 2 2 1 
3008 3 3 2 2 2 2 
3009 2 2 2 3 3 2 
3010 4 3 2 2 2 2 
3011 1 1 1 3 3 2 
3012 1 1 1 1 2 2 
3013 1 1 1 1 2 2 
3014 1 1 2 1 1 1 
3015 2 2 2 2 2 2 
3016 2 2 2 2 2 3 
3017 2 2 2 2 2 3 
3018 1 1 1 1 1 2 
3019 1 1 1 1 2 1 
3020 1 2 1 1 1 1 
3026 3 3 3 3 3 3 
3027 3 3 3 3 3 3 
3028 3 3 3 3 3 3 
3029 3 3 3 3 3 3 
3030 3 3 3 3 3 3 
3031 2 2 2 2 2 2 
3032 2 2 2 2 2 2 
3033 2 2 2 2 2 2 
3034 2 1 1 1 1 1 
3035 3 2 2 3 2 3 
3036 4 3 2 3 2 2 
3037 2 2 2 4 5 5 
3038 3 1 1 1 3 4 
3039 5 3 6 5 3 4 
3040 3 3 4 5 3 3 
3043 2 2 2 2 2 2 
3044 2 2 2 2 2 2 
3045 2 1 1 1 1 1 
3046 3 1 2 2 1 1 
3047 2 2 3 4 3 3 
3048 3 2 2 2 4 3 
3049 2 4 3 3 5 2 
3050 1000001 3 2 1 1 2 
3100 1 1 1 1000001 1 1 
3101 1 1 1 1 2 1 
3104 2 2 2 2 2 2 
3105 2 2 2 2 3 2 
3106 2 2 1 1 1 1 
3107 1 1 1 2 2 1 
3108 3 3 2 2 2 2 
3109 1 1 1 2 3 1 
3110 1 3 1 1 1 1 
3111 2 3 3 2 2 2 
3112 2 3 3 2 2 2 
3113 2 2 3 2 2 3 
3114 2 2 2 2 2 3 
3115 2 2 2 2 2 2 
3116 2 2 3 2 2 2 
3117 2 2 3 2 2 2 
3118 1 2 2 1 1 1 
3131 2 2 2 2 2 2 
3133 2 2 2 2 2 2 
3134 4 2 2 2 2 3 
3135 2 2 3 4 2 3 
3136 2 5 2 2 4 3 
3137 1 3 4 1 2 1 
3138 5 3 6 3 3 3 
3139 4 3 4 5 5 4 
3140 2 2 2 3 5 3 
3141 2 2 2 2 3 2 
3142 2 2 2 2 2 2 
3143 2 2 2 2 2 2 
3144 2 2 2 2 2 2 
3145 2 1 1 1 2 1 
3146 1 2 1 2 2 2 
3147 1 3 2 1 2 1 
3148 3 4 2 1 1 2 
3149 2 1 1 3 1 1 
3150 1000001 1000001 2 2 1 1000001 
3200 2 2 1000002 1000002 1000002 2 
3201 1 2 1 1 1 1 
3204 1 1 1 1 2 1 
3205 1 2 1 1 1 1 
3206 2 2 2 2 2 2 
3207 3 3 2 2 3 3 
3208 1 1 1 2 1 1 
3209 3 4 2 2 2 2 
3210 2 2 2 3 3 3 
3211 2 2 2 2 3 3 
3212 1 1 1 1 2 3 
3213 1 1 1 1 2 1 
3214 1 1 2 1 1 1 
3215 1 1 2 1 1 1 
3233 2 1 1 1 1 1 
3234 1 1 1 2 2 1 
3235 1 1 2 1 1 3 
3236 2 4 3 2 3 3 
3237 3 3 3 2 4 2 
3238 1 1 1 2 3 2 
3239 2 4 2 2 4 2 
3240 4 6 4 3 3 3 
3241 3 4 4 4 5 3 
3242 2 2 2 2 2 2 
3243 2 2 2 2 2 2 
3244 2 2 2 2 2 2 
3245 3 3 2 2 2 4 
3246 2 3 2 3 2 4 
3247 2 2 2 1 3 3 
3248 3 1 1 2 1 4 
3249 2 1 2 3 1 3 
3250 1000001 1 1 2 1 1 
3300 2 2 2 1000002 2 2 
3301 2 2 2 2 2 2 
3303 1 2 1 1 1 1 
3306 1 2 1 1 1 1 
3307 2 2 3 2 2 2 
3308 2 2 2 2 2 2 
3309 1 2 1 1 1 1 
3310 1 2 2 1 1 1 
3311 1 2 2 1 1 1 
3312 2 3 4 2 2 3 
3314 3 3 3 3 3 3 
3315 3 3 3 3 3 3 
3316 2 2 2 2 2 2 
3317 3 3 3 3 4 3 
3331 2 2 2 2 2 2 
3332 2 2 2 2 2 2 
3333 3 3 2 2 2 2 
3334 3 2 2 3 3 2 
3335 1 2 3 2 1 1 
3336 2 3 2 1 1 1 
3337 2 4 2 3 2 2 
3338 4 4 3 2 2 2 
3339 2 2 2 4 3 2 
3340 4 4 2 2 2 2 
3341 2 2 2 4 5 2 
3342 2 2 2 2 3 2 
3343 2 2 2 2 2 2 
3344 3 2 2 2 2 4 
3345 3 2 4 3 2 3 
3346 1 3 3 2 1 3 
3347 3 1 3 1 3 4 
3348 2 1 4 3 1 2 
3349 1 1 3 2 1 1 
3350 1000001 1000001 1 1 1 1000001 
3400 2 2 1000002 1000002 1000002 2 
3401 2 2 2 2 2 2 
3402 2 2 2 2 2 2 
3403 1 1 1 1 1 2 
3404 1 1 1 1 1 2 
3405 2 1 1 1 1 1 
3406 1 1 1 2 1 1 
3411 1 1 1 1 1 2 
3412 1 1 1 1 1 2 
3413 2 2 3 2 2 2 
3414 2 2 2 2 2 3 
3415 2 2 2 2 3 4 
3416 2 2 2 2 3 3 
3417 2 3 2 2 3 3 
3418 1 1 1 1 1 2 
3431 2 2 2 2 2 2 
3434 2 3 2 2 2 2 
3435 2 2 2 2 2 2 
3436 2 2 2 2 2 2 
3438 3 2 2 2 2 2 
3439 3 3 2 3 2 2 
3440 2 2 2 3 3 2 
3441 4 5 2 2 2 2 
3442 2 3 2 4 5 2 
3443 2 2 2 2 3 2 
3444 3 2 2 2 2 3 
3445 1 1 3 2 1 2 
3446 3 1 2 1 1 4 
3447 1 3 3 3 1 1 
3448 1 1 4 1 1 1 
3449 1 1 2 1 2 3 
3450 1000001 1 1 1 2 4 
3500 2 2 2 1000002 2 2 
3501 2 2 2 2 2 2 
3502 2 2 2 2 2 2 
3503 1 1 2 1 1 1 
3504 1 1 2 1 1 1 
3507 1 1 1 1 2 1 
3509 3 3 3 3 3 4 
3510 2 2 2 2 2 3 
3511 2 2 3 2 2 2 
3512 3 2 3 2 2 2 
3513 2 2 2 3 2 2 
3514 2 3 3 2 2 2 
3515 3 4 5 3 3 3 
3516 1 2 2 1 1 1 
3517 1 1 2 1 1 1 
3518 1 1 2 1 1 1 
3521 3 3 3 3 3 3 
3534 2 2 2 2 2 2 
3535 2 2 2 2 2 2 
3536 2 2 2 2 2 2 
3537 2 1 1 1 1 3 
3538 2 2 2 3 2 3 
3539 4 3 2 2 2 2 
3540 2 2 2 4 3 2 
3541 4 5 2 2 3 2 
3542 2 3 2 4 4 3 
3543 1 1 1 1 3 3 
3544 2 1 2 1 2 4 
3545 4 2 3 3 3 4 
3546 2 2 5 4 2 2 
3547 2 2 2 2 2 4 
3548 1 2 1 1 2 3 
3549 2 2 3 1 2 3 
3550 1000001 1000001 4 2 1 1000001 
3600 2 2 1000002 1000002 1000002 2 
3601 2 2 2 2 2 2 
3602 2 2 2 2 3 2 
3603 1 1 1 1 2 1 
3604 1 1 1 1 2 2 
3605 1 1 1 1 2 2 
3606 1 1 1 1 2 1 
3607 2 2 1 1 1 1 
3608 2 1 1 2 1 2 
3609 3 3 3 4 3 4 
3610 2 2 3 2 2 2 
3611 2 2 3 2 2 2 
3612 2 2 2 2 2 2 
3614 2 1 1 1 1 1 
3615 1 1 1 2 1 1 
3616 3 3 3 3 3 3 
3617 3 3 3 3 3 3 
3621 3 3 3 3 3 3 
3622 3 3 3 3 3 3 
3634 2 2 2 2 2 2 
3635 2 2 2 2 2 2 
3636 2 2 2 2 2 2 
3637 4 2 2 2 2 4 
3638 1 1 3 3 1 2 
3639 2 2 3 2 4 4 
3640 2 3 2 2 4 2 
3641 3 3 2 2 3 2 
3642 2 4 2 3 3 2 
3643 1 3 2 1 1 2 
3644 3 3 4 2 3 3 
3645 2 3 5 3 2 2 
3646 2 2 4 2 2 5 
3647 3 2 2 2 4 5 
3648 1 2 3 2 2 3 
3649 1 2 3 1 2 2 
3650 1000001 1 3 1 1 1 
3700 1 1 1 1000001 1 1 
3701 1 2 1 1 1 1 
3702 2 3 2 2 2 2 
3703 1 2 1 1 1 1 
3704 1 2 2 1 1 1 
3705 2 2 2 1 1 2 
3706 1 1 1 2 1 1 
3707 1 1 1 1 1 2 
3708 4 3 4 3 3 4 
3709 1 1 2 2 1 1 
3710 2 2 2 2 2 2 
3711 3 2 2 2 2 4 
3712 1 1 1 2 1 1 
3714 3 3 3 3 4 3 
3715 3 3 3 3 4 3 
3717 3 3 3 3 3 3 
3718 3 3 3 3 3 3 
3720 3 3 3 3 3 3 
3732 2 2 2 2 2 2 
3733 2 2 2 2 2 2 
3734 2 2 2 2 2 2 
3735 2 2 2 2 2 2 
3736 4 2 2 2 2 2 
3737 3 2 4 4 3 4 
3738 1 3 2 2 1 1 
3739 2 3 3 1 1 1 
3740 2 2 1 2 2 1 
3741 2 2 1 2 3 1 
3742 1 1 1 2 3 2 
3743 2 3 3 2 4 2 
3744 2 2 3 2 2 3 
3745 4 2 2 2 3 5 
3746 2 4 5 4 2 4 
3747 2 3 5 2 3 2 
3748 1 2 3 1 1 2 
3749 1 1 2 1 2 2 
3750 1000001 1000001 1 1 2 1000001 
3800 1 1 1000001 1000001 1000001 2 
3801 2 2 2 2 2 3 
3802 2 2 2 2 3 3 
3803 2 2 2 2 2 3 
3804 2 1 1 1 2 2 
3805 1 1 1 2 1 1 
3806 1 1 2 1 1 1 
3808 3 3 4 3 3 4 
3809 1 1 2 1 1 1 
3811 2 1 1 1 1 2 
3812 2 2 4 3 2 2 
3813 1 1 1 1 2 3 
3814 2 3 2 2 4 4 
3815 2 3 2 2 3 4 
3816 3 3 3 3 4 4 
3817 3 3 3 3 3 3 
3818 3 3 3 3 3 3 
3819 3 3 3 3 3 3 
3822 3 3 3 3 3 3 
3823 3 3 3 3 3 3 
3833 2 2 2 2 2 2 
3834 2 2 2 2 2 2 
3835 2 2 2 2 2 2 
3836 2 2 2 2 2 2 
3837 2 3 2 2 2 2 
3838 2 2 4 2 2 2 
3839 2 2 2 2 2 2 
3840 1 2 1 1 1 1 
3841 2 3 1 1 2 1 
3842 2 4 2 3 4 4 
3843 3 4 3 2 5 2 
3844 2 2 2 3 4 2 
3845 3 3 3 2 2 2 
3846 3 2 5 3 3 3 
3847 2 3 4 3 2 3 
3848 2 1 1 1 3 3 
3849 1 2 2 2 1 1 
3850 1000001 2 2 1 1 1 
3900 2 2 3 1000002 2 2 
3901 2 3 3 2 2 2 
3902 1 1 2 1 1 1 
3903 1 2 2 1 1 1 
3904 1 1 2 1 1 1 
3905 1 1 1 1 2 2 
3906 3 3 3 3 3 4 
3907 3 2 2 2 3 4 
3908 2 2 3 3 2 2 
3909 2 2 2 2 2 2 
3910 3 2 2 2 2 2 
3911 2 2 3 3 3 2 
3912 2 3 2 2 3 2 
3913 2 4 4 2 3 2 
3914 3 4 5 3 3 3 
3915 3 4 5 3 3 3 
3916 3 3 4 3 3 3 
3917 3 3 3 3 3 3 
3918 3 3 3 3 3 3 
3919 3 3 3 3 3 3 
3922 3 3 3 3 3 3 
3923 3 3 3 3 3 3 
3937 2 2 2 2 2 2 
3938 2 2 2 2 2 2 
3939 2 2 2 2 2 2 
3940 2 3 2 2 2 2 
3941 2 4 2 2 2 2 
3942 4 5 4 2 2 2 
3943 4 4 2 4 3 3 
3944 2 2 2 4 2 4 
3945 6 4 3 3 4 3 
3946 2 1 2 4 3 1 
3947 2 4 3 3 2 2 
3948 1 1 3 1 1 1 
3950 1000001 1000001 1 1 1 1000001 
4000 2 1 1000001 1000001 1000001 1 
4001 2 2 2 3 3 3 
4002 2 2 2 2 3 3 
4003 2 2 2 2 3 3 
4004 1 1 1 1 2 2 
4005 1 2 1 1 2 2 
4006 3 3 4 3 4 4 
4007 1 2 2 1 1 1 
4008 1 1 3 1 1 1 
4009 2 2 2 2 2 4 
4010 2 2 2 2 3 3 
4011 2 3 2 2 2 4 
4012 1 2 1 1 2 2 
4013 1 2 1 1 1 2 
4014 4 3 3 3 3 3 
4015 3 3 3 4 3 3 
4016 1 1 1 1 1 2 
4017 3 3 3 3 3 3 
4018 3 3 3 3 3 3 
4019 3 3 3 3 3 3 
4020 3 3 3 3 3 3 
4039 2 2 2 2 2 2 
4040 2 2 2 2 2 3 
4041 1 1 1 1 1 2 
4042 1 1 1 1 2 2 
4043 5 3 2 2 2 4 
4044 4 3 4 6 3 4 
4045 3 4 5 4 3 4 
4046 4 3 1 1 3 1 
4047 1 1 1 4 3 1 
4049 2 1 1 1 1 1 
4050 1000002 2 2 3 2 3 
4100 2 3 2 1000002 3 2 
4101 2 3 3 2 2 2 
4102 1 2 2 1 1 1 
4103 1 2 2 1 1 1 
4104 1 2 2 1 1 1 
4105 2 3 3 2 2 2 
4106 2 2 3 2 2 2 
4107 2 2 2 2 2 2 
4108 3 2 2 2 2 2 
4109 2 3 4 3 2 2 
4110 3 2 3 2 2 2 
4111 1 2 3 2 1 1 
4112 1 1 2 1 1 1 
4113 1 1 2 1 1 2 
4114 1 1 1 1 2 3 
4115 1 1 1 1 3 2 
4116 3 3 4 3 3 3 
4117 3 3 3 3 4 3 
4118 3 3 3 3 3 3 
4119 3 3 3 3 3 3 
4121 3 3 3 3 3 3 
4122 3 3 3 3 3 3 
4124 3 3 3 3 3 3 
4137 2 2 2 2 2 2 
4138 2 2 2 2 2 2 
4139 3 2 2 2 2 2 
4140 1 1 2 2 2 1 
4141 2 3 3 2 3 2 
4142 3 2 3 2 2 2 
4143 2 2 4 3 3 4 
4144 4 3 4 3 4 5 
4145 2 5 4 4 1 3 
4146 3 3 1 2 3 2 
4147 2 2 2 4 2 2 
4148 2 2 2 2 2 2 
4149 4 2 2 2 2 3 
4150 1000001 1000001 2 3 1 1000001 
4200 1 2 1000001 1000001 1000001 1 
4204 3 3 3 3 3 3 
4205 2 2 2 2 2 2 
4206 2 2 2 2 2 2 
4207 2 2 2 2 2 2 
4208 2 2 2 2 2 2 
4209 3 2 2 2 2 2 
4210 1 1 1 2 3 3 
4211 1 1 1 1 3 2 
4212 1 1 1 1 3 3 
4213 1 1 1 1 3 3 
4214 1 2 2 1 2 1 
4215 1 3 3 1 1 3 
4216 1 1 2 1 2 3 
4217 3 4 3 3 5 5 
4218 3 3 3 3 4 3 
4219 3 3 3 3 3 3 
4222 3 3 3 3 3 3 
4223 3 3 3 3 3 3 
4226 3 3 3 3 3 3 
4240 1 2 1 1 1 1 
4241 2 3 2 2 2 2 
4243 2 3 2 2 3 2 
4244 2 3 4 2 2 2 
4245 1 1 5 3 1 3 
4246 1 3 1 1 1 1 
4247 2 2 3 2 2 2 
4248 2 2 2 2 2 2 
4249 3 2 2 2 2 3 
4250 1000002 2 3 3 2 4 
4300 1 1 1 1000001 1 1 
4301 3 3 3 3 3 3 
4304 1 1 1 1 1 3 
4305 1 1 1 1 2 1 
4306 2 2 2 2 2 2 
4307 2 2 2 2 2 3 
4308 2 2 2 2 2 2 
4309 2 4 2 2 2 2 
4310 1 3 3 1 1 2 
4311 2 4 3 2 2 2 
4312 2 4 4 2 2 3 
4313 3 3 4 2 3 5 
4314 2 1 1 2 2 2 
4315 1 2 3 2 1 1 
4316 1 3 3 1 1 1 
4317 3 4 5 3 3 3 
4318 3 3 3 3 3 3 
4320 3 3 3 3 3 3 
4322 3 3 3 3 3 3 
4323 3 3 3 3 3 3 
4326 3 3 3 3 3 3 
4327 3 3 3 3 3 3 
4337 1 1 1 1 1 2 
4338 1 1 1 1 2 3 
4339 1 1 1 1 2 2 
4340 1 1 1 1 3 2 
4342 3 4 3 1 3 1 
4343 2 2 2 2 2 3 
4344 3 1 3 3 3 4 
4345 1 1 1 1 2 1 
4346 2 2 2 2 2 2 
4347 2 2 2 2 2 2 
4348 3 2 2 2 2 3 
4349 4 2 3 3 2 2 
4350 1000001 1000001 3 3 2 1000001 
4400 1 1 1000001 1000001 1000001 1 
4401 2 2 2 2 2 2 
4402 2 2 2 2 2 2 
4403 2 2 2 2 2 3 
4404 3 2 2 2 2 3 
4405 2 3 4 3 2 2 
4406 2 2 2 2 3 3 
4407 1 1 1 1 2 2 
4408 1 1 2 1 1 2 
4409 1 1 1 1 2 3 
4410 2 2 2 2 4 4 
4411 2 2 3 2 3 3 
4412 1 1 1 1 2 3 
4413 2 2 2 1 2 2 
4414 3 4 6 4 3 3 
4415 3 3 4 3 3 3 
4416 3 3 3 3 3 3 
4417 3 3 3 3 3 3 
4418 3 3 3 3 3 3 
4421 3 3 3 3 3 3 
4424 3 3 3 3 3 3 
4426 3 3 3 3 3 3 
4427 3 3 3 3 3 3 
4428 3 3 3 3 3 3 
4436 2 2 2 2 2 2 
4437 2 2 2 2 2 2 
4438 1 2 2 1 2 1 
4439 1 2 3 1 2 2 
4440 1 3 2 1 2 1 
4441 2 2 3 2 2 4 
4442 2 2 2 2 5 4 
4443 2 1 1 1 2 1 
4444 3 3 4 4 1 3 
4445 1 2 2 1 2 2 
4446 1 1 1 1 3 1 
4447 2 2 2 2 3 2 
4448 2 1 1 1 1 3 
4449 1 1 2 2 1 3 
4450 1000001 2 1 1 2 4 
4500 2 2 2 1000002 2 2 
4501 2 2 2 2 2 3 
4502 2 2 2 2 2 2 
4503 2 2 3 2 2 2 
4504 2 2 3 2 2 2 
4505 2 3 2 2 3 2 
4506 2 3 3 2 2 2 
4507 2 2 3 2 2 2 
4508 2 3 3 2 2 2 
4509 2 4 4 2 3 3 
4510 2 3 4 2 3 3 
4511 2 3 3 2 3 3 
4512 1 2 3 1 3 2 
4513 3 3 4 3 4 3 
4514 3 3 3 3 3 3 
4515 3 3 3 3 3 3 
4516 3 3 3 3 3 3 
4521 3 3 3 3 3 3 
4523 3 3 3 3 3 3 
4527 3 3 3 3 3 3 
4534 2 2 2 2 2 2 
4535 2 2 2 2 2 2 
4536 2 2 2 2 2 2 
4537 2 3 2 2 2 2 
4538 2 3 2 2 2 2 
4539 3 3 3 2 2 2 
4540 2 1 1 2 3 1 
4541 1 4 3 2 3 1 
4542 2 3 4 2 2 3 
4543 2 1 1 1 3 4 
4544 2 3 2 3 3 3 
4545 2 3 2 1 2 1 
4546 1 2 1 2 3 2 
4547 2 1 1 1 3 1 
4548 2 1 3 2 2 1 
4549 2 2 3 2 2 2 
4550 1000001 1000001 4 2 1 1000001 
4600 1 1 1000001 1000001 1000001 1 
4601 3 2 2 2 2 2 
4602 2 2 3 3 3 2 
4603 2 2 2 2 2 2 
4604 2 2 2 2 3 3 
4605 2 3 2 2 2 2 
4606 2 2 2 2 3 2 
4607 2 2 2 2 3 3 
4608 2 2 2 2 3 3 
4609 2 3 2 2 3 2 
4610 2 3 3 2 2 2 
4611 2 3 3 2 2 3 
4612 1 3 2 1 2 2 
4613 1 2 2 1 1 1 
4614 3 3 3 3 3 3 
4615 3 3 3 3 3 3 
4616 3 3 3 3 3 3 
4617 3 3 3 3 3 3 
4621 3 3 3 3 3 3 
4622 3 3 3 3 3 3 
4624 3 3 3 3 3 3 
4637 2 2 2 2 2 2 
4638 2 2 2 2 2 2 
4639 2 2 2 2 2 2 
4640 3 4 2 2 2 2 
4641 4 4 2 3 2 2 
4642 1 1 1 3 3 3 
4643 2 4 3 2 5 2 
4644 2 3 5 2 3 2 
4645 1 2 2 1 1 1 
4646 1 3 1 1 2 2 
4647 3 3 2 1 3 1 
4648 2 2 1 3 3 2 
4649 4 2 1 2 1 3 
4650 1000001 1 2 4 1 2 
4700 2 2 2 1000002 2 2 
4701 1 2 1 1 1 1 
4702 2 2 2 2 2 2 
4703 2 3 2 2 2 2 
4704 2 2 3 2 2 2 
4705 2 3 2 2 2 2 
4706 1 2 1 1 1 1 
4707 1 2 2 1 1 2 
4708 2 3 3 2 3 4 
4709 2 2 2 2 3 3 
4710 3 2 2 2 2 3 
4711 2 3 3 3 2 2 
4712 1 1 2 1 1 2 
4713 3 3 3 3 4 3 
4714 3 3 3 3 3 3 
4715 3 3 3 3 3 3 
4716 3 3 3 3 3 3 
4717 3 3 3 3 3 3 
4721 3 3 3 3 3 3 
4723 3 3 3 3 3 3 
4724 3 3 3 3 3 3 
4728 1 1 1 1 1 2 
4737 2 2 2 2 2 3 
4738 2 2 2 2 3 2 
4739 2 2 2 2 3 2 
4740 2 2 2 2 2 2 
4741 1 3 1 1 1 1 
4742 3 4 3 1 1 2 
4743 2 3 2 4 2 3 
4744 3 2 2 2 4 3 
4745 2 3 2 3 5 2 
4746 3 3 2 1 1 1 
4747 1 3 1 3 3 1 
4748 3 1 2 1 1 4 
4749 3 1 3 3 1 3 
4750 1000001 1000001 2 3 1 1000001 
4800 1 1 1000001 1000001 1000001 1 
4804 2 1 1 1 1 2 
4805 1 1 1 2 1 1 
4806 2 2 2 2 2 2 
4807 2 2 2 2 2 2 
4808 2 3 3 2 2 2 
4809 2 3 4 2 2 2 
4810 1 1 2 1 1 2 
4811 1 1 2 1 1 1 
4813 1 2 2 1 1 1 
4815 3 3 3 3 3 3 
4817 3 3 3 3 3 3 
4821 3 3 3 3 3 3 
4824 3 3 3 3 3 3 
4827 3 3 3 3 3 3 
4828 4 3 3 3 3 4 
4829 2 1 2 2 1 1 
4830 1 1 1 2 1 1 
4833 2 1 1 1 1 1 
4834 1 1 1 2 1 1 
4836 2 2 2 2 2 2 
4837 2 1 1 1 1 1 
4838 1 2 2 2 3 1 
4839 2 3 2 2 2 4 
4840 2 2 2 2 5 3 
4841 2 2 2 2 3 3 
4842 4 2 2 2 3 2 
4843 1 1 2 3 2 2 
4844 2 4 3 2 2 2 
4845 4 5 3 2 2 2 
4846 1 1 1 3 2 2 
4847 4 3 1 1 1 1 
4848 4 1 1 4 3 4 
4849 2 1 4 4 1 2 
4850 1000001 1 3 2 1 1 
4900 1 1 1 1000001 1 1 
4901 2 2 2 2 2 2 
4902 2 2 2 2 2 2 
4903 2 2 2 2 2 2 
4904 2 2 3 2 2 2 
4905 2 2 2 2 3 2 
4906 2 2 2 2 2 2 
4907 2 2 2 2 2 2 
4908 2 2 2 2 2 2 
4909 2 1 1 1 1 2 
4910 1 1 2 2 1 1 
4912 1 1 1 1 1 2 
4926 3 3 3 3 3 3 
4927 4 3 3 3 3 3 
4928 1 1 2 2 1 1 
4931 3 3 3 3 3 3 
4933 3 3 3 3 3 3 
4936 2 2 2 2 2 2 
4937 2 3 1 1 1 1 
4938 3 1 1 2 2 1 
4939 3 5 4 4 5 2 
4940 1 2 2 2 1 3 
4941 1 2 2 1 3 2 
4942 1 2 1 1 3 3 
4943 1 1 2 1 3 1 
4944 3 2 2 2 2 3 
4945 4 2 1 2 1 2 
4946 2 1 2 4 2 1 
4947 1 3 1 2 3 2 
4948 2 1 4 1 1 3 
4949 1 1 2 2 1 1 
4950 1000001 1000001 1 1 1 1000001 
5000 1 1 1000001 1000001 1000001 1 
5003 1 1 1 1 1 2 
5005 1 2 1 1 1 1 
5006 2 2 2 2 2 2 
5007 2 2 2 2 2 2 
5008 1 1 1 1 1 2 
5009 2 1 1 1 1 2 
5010 1 1 2 2 1 1 
5013 1 1 2 1 1 1 
5021 2 2 2 2 2 2 
5022 2 2 2 2 2 2 
5023 2 2 2 2 2 2 
5024 2 1 1 1 1 1 
5025 1 1 1 2 1 1 
5028 1 1 1 1 1 2 
5029 2 1 1 1 1 1 
5030 1 1 1 2 1 2 
5031 3 3 3 3 3 3 
5033 1 1 1 1 1 2 
5038 2 3 2 2 2 3 
5039 4 5 2 2 2 4 
5040 3 2 2 4 2 2 
5041 2 4 4 3 2 2 
5042 1 3 2 1 2 2 
5043 2 3 3 1 2 1 
5044 2 1 1 2 3 2 
5045 2 1 2 2 1 1 
5046 3 2 2 2 2 1 
5047 1 3 1 3 3 1 
5048 2 1 2 1 1 1 
5049 3 3 5 4 3 3 
5050 1000001 1 1 1 1 1 
5100 1 1 1 1000001 1 1 
5102 2 1 1 1 1 1 
5103 1 1 2 2 1 1 
5104 2 2 2 2 3 3 
5105 2 2 2 2 2 3 
5106 3 2 2 2 3 2 
5107 3 2 2 3 2 2 
5108 1 1 2 2 2 1 
5109 1 1 2 1 2 1 
5110 2 2 2 2 2 2 
5112 2 2 2 2 2 2 
5113 2 1 1 1 1 2 
5114 1 1 1 2 1 1 
5120 2 2 2 2 2 2 
5121 3 2 2 2 2 3 
5122 2 2 2 3 2 2 
5123 2 2 2 2 2 2 
5127 3 1 1 1 1 2 
5128 2 1 2 3 1 1 
5129 1 1 1 2 2 2 
5130 1 1 2 1 1 1 
5132 3 3 3 3 3 3 
5133 1 1 2 1 1 1 
5134 3 3 3 3 3 3 
5137 2 1 1 1 1 1 
5138 2 1 2 2 1 1 
5139 1 1 3 2 1 1 
5140 3 2 2 2 3 2 
5141 2 3 2 3 4 3 
5142 2 3 3 2 3 2 
5143 1 3 1 1 1 3 
5144 1 1 2 1 4 3 
5145 2 2 1 1 3 3 
5146 3 3 1 2 1 2 
5147 1 1 1 3 1 1 
5149 3 3 3 3 3 3 
5150 1000001 1000001 1 1 1 1000001 
5200 1 1 1000001 1000001 1000001 1 
5203 2 1 1 1 1 1 
5204 2 3 2 3 3 2 
5205 2 2 3 2 2 3 
5206 2 3 3 2 2 2 
5207 2 2 2 2 3 3 
5208 2 3 2 2 2 4 
5209 1 2 1 1 2 2 
5210 2 2 2 2 2 2 
5212 2 2 2 2 2 3 
5213 2 1 1 1 1 1 
5214 1 1 2 2 1 1 
5218 2 2 2 2 2 2 
5220 2 2 2 2 2 2 
5221 3 2 2 2 2 4 
5222 2 2 3 3 2 2 
5223 2 2 2 2 2 2 
5225 1 1 1 1 1 2 
5227 3 3 3 3 3 3 
5228 1 1 2 1 1 1 
5229 1 2 1 1 1 1 
5230 1 1 2 1 1 1 
5234 3 3 3 3 3 3 
5236 2 2 2 2 2 2 
5237 2 2 2 2 2 2 
5238 2 1 1 1 1 1 
5239 1 1 1 2 2 2 
5240 1 2 1 1 2 1 
5241 1 3 1 1 2 1 
5242 3 3 3 2 3 2 
5243 2 1 1 2 3 1 
5244 1 4 3 2 3 2 
5245 1 3 3 1 1 1 
5246 3 3 5 3 3 3 
5247 3 3 4 3 3 3 
5249 3 3 3 3 3 3 
5250 1000001 1 1 1 1 1 
5300 1 1 1 1000001 1 1 
5301 2 2 2 2 2 2 
5303 3 3 2 2 2 2 
5304 3 2 2 3 2 2 
5305 2 2 3 3 3 2 
5306 2 3 2 2 2 2 
5307 3 2 3 2 2 2 
5308 2 3 4 3 2 2 
5309 1 1 2 1 1 1 
5310 2 2 2 2 2 2 
5311 3 2 2 2 2 3 
5312 2 1 2 2 1 1 
5313 1 1 1 2 2 1 
5314 2 2 2 2 2 2 
5315 1 1 1 1 2 1 
5316 2 2 2 2 2 3 
5317 3 2 2 2 2 3 
5318 1 1 1 2 1 1 
5319 2 2 2 2 2 3 
5320 3 2 2 2 2 3 
5321 3 2 4 3 2 3 
5322 2 2 2 3 2 2 
5325 3 3 4 3 3 3 
5326 1 3 3 3 2 4 
5329 1 1 1 1 1 3 
5330 1 1 1 1 2 1 
5334 1 1 1 1 1 2 
5335 2 2 2 2 3 2 
5336 2 2 2 2 2 2 
5337 2 2 2 2 2 3 
5338 2 3 2 2 2 2 
5339 2 3 3 2 2 3 
5340 1 2 1 1 1 1 
5341 1 2 1 1 1 1 
5342 2 3 1 1 1 1 
5343 1 3 1 2 2 2 
5344 1 1 2 1 3 2 
5345 1 1 1 1 3 1 
5346 3 3 3 3 3 3 
5348 3 3 3 3 3 3 
5349 3 3 3 3 3 3 
5350 1000001 1000001 1 1 1 1000001 
5400 1 1 1000001 1000001 1000001 1 
5401 2 2 2 2 2 2 
5402 2 2 2 2 2 2 
5403 3 2 2 2 2 2 
5404 1 1 1 2 2 1 
5405 1 2 1 1 2 1 
5409 1 1 1 1 2 1 
5410 2 2 2 2 2 2 
5411 2 2 2 2 2 2 
5412 2 2 3 2 2 2 
5413 2 2 1 1 1 1 
5414 2 2 2 3 2 2 
5415 2 2 1 1 1 2 
5416 3 2 2 3 2 2 
5417 3 1 2 2 1 1 
5418 1 1 2 3 2 1 
5419 3 2 2 2 2 2 
5420 2 2 3 3 2 2 
5421 3 2 3 2 2 2 
5422 2 2 3 3 2 2 
5423 2 2 2 2 2 2 
5425 2 1 1 1 1 1 
5426 1 2 1 2 1 1 
5427 1 1 2 1 1 1 
5429 2 1 1 1 1 1 
5430 1 2 3 2 1 1 
5432 2 2 2 2 2 2 
5433 2 2 2 2 2 2 
5434 2 2 2 2 2 2 
5435 2 3 3 2 2 2 
5436 2 2 2 2 3 3 
5437 2 2 2 2 3 3 
5438 2 2 3 2 2 3 
5439 2 2 2 2 3 3 
5440 2 2 3 2 2 3 
5441 2 2 2 2 4 3 
5442 2 2 2 2 2 2 
5443 2 3 2 2 2 2 
5444 1 3 2 1 1 1 
5445 5 5 4 3 3 5 
5446 2 1 1 3 1 2 
5447 1 1 1 2 1 1 
5448 3 3 3 3 3 3 
5449 3 3 3 3 3 3 
5450 1000001 1 1 1 1 1 
5500 1 1 1 1000001 1 1 
5503 2 3 2 2 2 2 
5504 3 3 2 2 2 2 
5505 1 1 1 2 2 1 
5506 2 2 2 2 3 2 
5507 2 2 2 2 3 2 
5508 2 2 1 1 1 2 
5509 1 1 1 2 1 1 
5510 2 2 2 2 2 2 
5511 3 2 2 2 2 2 
5512 3 2 2 3 2 2 
5513 1 1 1 2 2 1 
5514 2 2 2 2 2 3 
5515 2 2 3 2 2 2 
5517 2 2 1 1 1 2 
5518 2 2 2 3 2 2 
5519 3 2 2 2 2 3 
5520 2 2 2 3 2 2 
5521 3 2 2 2 2 2 
5522 2 1 1 2 1 1 
5523 1 1 1 2 2 1 
5524 1 1 3 1 3 3 
5525 2 1 1 1 1 2 
5526 1 1 1 2 1 1 
5528 2 1 1 1 1 1 
5529 1 1 1 2 1 1 
5531 2 2 2 2 2 2 
5532 2 2 2 2 2 2 
5533 2 2 2 2 2 2 
5534 3 2 2 2 2 2 
5535 2 3 2 3 2 3 
5536 2 3 3 2 3 2 
5537 2 2 3 2 2 2 
5538 2 3 3 2 2 2 
5539 2 2 3 2 2 3 
5540 2 4 3 2 2 4 
5541 2 2 3 2 5 2 
5542 2 2 2 2 2 3 
5543 1 1 1 1 2 3 
5544 3 1 1 1 2 4 
5545 4 3 5 5 3 4 
5546 1 1 2 2 1 1 
5547 3 3 3 3 3 3 
5548 3 3 3 3 3 3 
5549 3 3 3 3 3 3 
5550 1000001 1000001 1 1 1 1000001 
5600 1 1 1000001 1000001 1000001 1 
5603 2 2 2 2 2 2 
5604 2 2 2 2 2 2 
5605 2 3 2 2 2 2 
5606 1 2 1 1 1 1 
5607 2 3 2 2 2 3 
5608 4 2 2 2 2 3 
5609 1 1 2 3 1 1 
5610 2 2 2 2 2 2 
5611 3 2 2 2 2 3 
5612 2 2 2 3 2 2 
5613 3 2 1 1 1 1 
5614 2 1 1 3 3 1 
5615 2 2 3 3 2 2 
5616 2 2 2 2 2 3 
5617 3 1 1 1 1 2 
5618 2 2 3 4 2 3 
5619 3 2 2 2 2 3 
5620 2 2 3 3 2 2 
5621 3 2 2 2 2 3 
5622 1 1 1 2 1 1 
5623 3 2 1 1 1 1 
5624 3 3 3 5 4 3 
5625 2 2 2 2 2 2 
5626 2 2 3 2 2 2 
5627 2 2 2 2 2 3 
5628 1 1 1 1 1 2 
5632 2 2 2 2 2 2 
5633 2 2 2 2 2 2 
5634 2 2 2 2 2 2 
5635 4 2 2 2 2 2 
5636 2 3 3 4 3 2 
5637 2 2 2 2 3 4 
5638 3 2 2 2 5 2 
5639 2 2 2 3 2 2 
5640 3 2 3 2 2 4 
5641 4 5 4 3 2 2 
5642 1 1 1 3 2 2 
5643 1 2 2 1 1 3 
5644 2 4 5 3 2 4 
5645 1 1 4 2 1 1 
5646 1 1 2 1 1 1 
5647 3 3 3 3 3 3 
5648 3 3 3 3 3 3 
5649 3 3 3 3 3 3 
5650 1000001 1 1 1 1 1 
5700 1 1 1 1000001 1 1 
5703 2 2 2 2 2 2 
5704 2 2 2 2 2 2 
5705 3 2 2 2 2 2 
5706 2 1 1 2 1 1 
5707 2 2 3 3 2 2 
5708 2 1 2 1 1 1 
5709 1 1 1 2 1 2 
5710 3 2 2 2 2 3 
5711 2 2 3 3 2 2 
5712 2 2 2 2 3 2 
5713 2 3 1 1 1 1 
5714 2 2 2 3 4 2 
5715 3 2 2 2 2 3 
5716 3 1 2 2 1 1 
5717 2 2 3 4 3 2 
5718 2 2 3 2 2 3 
5719 2 2 3 2 2 2 
5720 3 2 2 2 2 3 
5721 3 3 4 4 3 3 
5722 3 1 3 3 1 3 
5723 3 2 1 1 1 3 
5724 2 2 2 4 2 2 
5726 2 1 1 1 1 2 
5727 1 1 2 2 1 1 
5728 1 1 2 1 1 1 
5731 2 2 2 2 2 2 
5732 2 2 2 2 2 2 
5733 2 2 2 2 2 2 
5734 3 2 2 2 2 4 
5735 4 3 2 3 2 3 
5736 2 3 2 4 2 2 
5737 4 5 4 2 2 3 
5738 3 2 2 4 6 3 
5739 4 2 2 3 2 2 
5740 3 2 4 4 3 2 
5741 1 2 1 2 2 2 
5742 4 3 4 3 4 4 
5743 1 2 3 2 1 1 
5744 3 3 4 3 3 4 
5745 3 3 3 3 3 3 
5748 3 3 3 3 3 3 
5749 3 3 3 3 3 3 
5750 1000001 1000001 1 1 1 1000001 
5800 1 1 1000001 1000001 1000001 1 
5806 2 1 1 1 1 1 
5807 2 1 1 2 2 1 
5808 1 1 1 2 3 1 
5809 1 1 1 1 2 1 
5810 1 1 2 1 1 1 
5811 2 2 3 2 3 3 
5812 3 3 2 2 2 2 
5813 1 1 1 2 1 1 
5814 3 4 2 2 2 2 
5815 3 2 2 3 3 2 
5816 1 1 2 2 1 1 
5817 3 3 2 2 2 3 
5818 4 2 2 3 2 3 
5819 2 2 3 4 2 2 
5820 4 2 2 2 2 4 
5821 3 3 4 5 3 4 
5823 2 1 1 1 1 2 
5824 1 1 3 2 1 1 
5826 2 1 1 1 1 1 
5827 2 2 3 3 2 2 
5828 1 1 1 1 2 1 
5832 2 2 2 2 2 2 
5833 2 2 2 2 2 2 
5834 3 1 1 1 1 1 
5835 2 2 4 4 3 2 
5836 2 2 3 2 2 3 
5837 3 1 1 1 1 2 
5838 4 6 3 4 2 2 
5839 1 1 2 3 3 3 
5840 4 4 3 3 4 5 
5841 3 4 3 4 3 3 
5842 1 4 4 3 1 3 
5843 1 1 2 1 1 2 
5844 3 3 3 3 3 3 
5845 3 3 4 3 3 3 
5846 3 3 3 3 3 3 
5847 3 3 3 3 3 3 
5850 1000001 1 1 1 1 1 
5900 1 1 1 1000001 1 1 
5906 1 2 1 1 1 1 
5907 2 3 1 1 1 1 
5908 1 2 1 2 1 1 
5910 1 2 1 1 2 1 
5911 3 2 3 2 2 2 
5912 1 1 1 2 2 1 
5913 1 1 1 1 2 1 
5914 2 3 2 2 2 2 
5915 1 1 1 1 1 2 
5916 4 2 2 2 2 2 
5917 3 2 3 4 3 3 
5918 2 2 3 3 2 2 
5919 4 2 2 2 2 3 
5920 4 3 5 5 3 3 
5921 1 1 2 2 1 1 
5923 1 1 2 1 1 1 
5925 2 2 2 2 2 2 
5926 2 2 2 2 2 2 
5927 2 3 2 2 2 2 
5928 2 2 2 2 2 2 
5932 2 2 2 2 2 3 
5933 2 2 2 2 3 2 
5934 2 2 1 1 1 2 
5935 3 1 1 2 1 1 
5936 1 1 2 3 3 1 
5937 1 1 2 1 2 1 
5938 3 5 3 3 4 3 
5939 1 4 5 3 1 3 
5940 1 3 5 1 3 3 
5941 3 1 3 1 3 3 
5942 3 3 3 3 3 3 
5943 1 1 2 1 1 1 
5944 3 3 3 3 3 3 
5945 3 3 3 3 3 3 
5946 3 3 3 3 3 3 
5947 3 3 3 3 3 3 
5948 3 3 3 3 3 3 
5950 1000001 1000001 1 1 1 1000001 
6000 1 1 1000001 1000001 1000001 1 
6007 2 1 1 1 1 1 
6008 1 1 1 2 2 1 
6010 2 2 1 1 1 1 
6011 1 1 1 2 1 2 
6012 1 2 1 1 2 2 
6013 2 2 1 1 1 2 
6014 2 2 2 3 2 2 
6016 2 1 2 1 1 1 
6017 2 3 2 3 3 2 
6018 2 2 3 2 2 3 
6019 3 2 2 2 2 2 
6020 1 1 2 2 1 1 
6021 4 3 3 3 3 4 
6022 3 3 1 4 1 3 
6025 1 1 1 1 1 2 
6026 1 1 1 1 2 2 
6027 1 1 1 1 2 2 
6029 2 2 2 2 2 2 
6030 2 2 2 2 2 2 
6031 2 2 2 2 2 2 
6032 2 2 2 2 2 2 
6033 2 3 3 2 2 2 
6034 2 2 2 2 3 4 
6035 1 1 2 1 2 2 
6036 4 5 3 3 4 5 
6037 3 4 3 4 3 5 
6038 3 2 1 1 2 2 
6039 1 1 1 3 1 1 
6040 3 3 3 3 3 4 
6041 3 3 3 3 4 3 
6042 3 3 3 3 3 4 
6043 3 3 3 3 4 3 
6045 1 3 3 1 4 3 
6046 1 3 3 1 3 3 
6047 1 3 3 1 3 3 
6048 3 3 3 1 3 1 
6049 3 3 3 3 3 3 
6050 1000001 1 1 1 1 1 
6100 1 1 1 1000001 1 1 
6105 1 1 1 1 2 1 
6107 2 2 1 1 1 1 
6108 1 1 1 2 2 1 
6109 2 1 1 1 1 1 
6110 1 1 1 2 1 1 
6111 1 2 2 1 1 1 
6112 1 1 2 1 1 2 
6113 1 1 2 1 3 2 
6114 1 1 1 1 3 1 
6115 1 1 1 1 2 1 
6116 2 3 2 2 2 2 
6117 2 2 2 2 2 2 
6118 2 1 2 1 1 2 
6119 1 1 1 2 1 1 
6120 3 3 3 3 3 4 
6121 1 1 2 1 1 1 
6122 2 2 2 2 2 2 
6123 2 2 2 2 2 3 
6124 2 1 1 1 1 1 
6125 1 2 2 2 1 1 
6126 1 2 2 1 1 1 
6127 2 2 3 2 2 2 
6128 2 2 2 2 2 4 
6129 2 2 2 2 3 4 
6130 2 2 2 2 4 5 
6131 2 2 2 2 4 4 
6132 2 2 2 2 4 4 
6133 1 2 1 1 2 3 
6134 1 2 3 1 2 2 
6135 1 2 2 1 2 3 
6136 2 1 3 1 2 2 
6137 1 2 3 2 1 1 
6138 1 1 2 1 1 1 
6140 1 2 2 1 1 1 
6141 1 1 1 1 2 2 
6142 1 2 2 1 1 1 
6143 1 1 1 1 2 2 
6144 1 2 1 1 2 1 
6145 3 3 3 3 4 4 
6146 3 3 3 3 4 3 
6147 3 3 3 3 3 3 
6148 1 3 1 3 3 3 
6150 1000001 1000001 1 1 1 1000001 
6200 1 1 1000001 1000001 1000001 1 
6205 1 2 1 1 1 1 
6208 1 2 1 1 1 1 
6209 2 1 1 1 1 1 
6210 1 1 1 2 2 1 
6211 1 1 1 1 2 1 
6213 3 5 4 3 3 3 
6214 2 3 2 1 1 1 
6215 2 2 1 2 1 1 
6216 2 2 2 3 3 2 
6217 2 2 2 2 2 2 
6219 3 3 4 3 3 4 
6221 1 1 2 1 1 1 
6222 2 2 2 2 2 2 
6223 2 1 1 1 1 2 
6224 1 1 2 2 1 1 
6228 4 1 1 1 1 3 
6229 1 2 3 4 1 1 
6230 1 3 3 1 1 2 
6231 1 3 4 1 1 1 
6232 1 3 3 1 1 1 
6233 1 2 3 1 1 1 
6234 1 2 3 1 1 1 
6235 1 2 2 1 1 1 
6236 1 2 3 1 1 1 
6237 1 1 2 1 1 1 
6238 3 3 3 3 3 3 
6239 3 3 3 3 3 4 
6240 1 1 1 1 2 4 
6241 1 2 1 1 3 3 
6242 1 1 2 1 3 3 
6243 1 2 1 1 3 3 
6244 1 2 2 1 3 2 
6245 1 2 1 1 3 1 
6246 4 4 4 3 3 3 
6247 3 3 3 4 3 3 
6250 1000001 1 1 1 1 1 
6300 1 1 1 1000001 1000001 1000001 
6301 1 1 1 1 1000001 1000001 
6302 1 1 1 1 1000001 1000001 
6303 1 1 1 1 1000001 1000001 
6304 1 1 1 1 1000001 1000001 
6305 1 1 1 1 1000001 1000001 
6306 1 1 1 1 1000001 1000001 
6307 1 1 1 1 1000001 1000001 
6308 1 1 1 1 1000001 1000001 
6309 1 2 1 1 1000001 1000001 
6310 2 2 1 1 1000001 1000001 
6311 1 1 1 2 1000001 1000001 
6312 1 1 1 1 1000001 1000001 
6313 3 3 3 3 1000003 1000003 
6314 1 1 1 1 1000001 1000001 
6315 2 2 1 1 1000001 1000001 
6316 1 1 1 2 1000001 1000001 
6317 4 3 3 3 1000003 1000003 
6318 4 3 3 4 1000003 1000003 
6319 1 1 2 2 1000001 1000001 
6320 2 2 2 2 1000002 1000002 
6321 2 2 2 2 1000002 1000002 
6322 2 1 1 1 1000001 1000001 
6323 1 1 2 2 1000001 1000001 
6324 1 1 1 1 1000001 1000001 
6325 1 1 1 1 1000001 1000001 
6326 1 1 1 1 1000001 1000001 
6327 3 1 1 1 1000001 1000001 
6328 2 1 3 3 1000001 1000001 
6329 2 1 1 2 1000001 1000001 
6330 1 1 2 2 1000001 1000001 
6331 1 1 1 1 1000001 1000001 
6332 1 1 1 1 1000001 1000001 
6333 1 1 1 1 1000001 1000001 
6334 3 1 3 3 1000003 1000003 
6335 1 1 1 1 1000001 1000001 
6336 1 1 1 1 1000001 1000001 
6337 1 1 1 1 1000001 1000001 
6338 3 1 1 1 1000001 1000001 
6339 2 2 2 3 1000001 1000001 
6340 1 3 4 2 1000001 1000001 
6341 1 3 3 1 1000001 1000001 
6342 1 3 3 1 1000001 1000001 
6343 1 3 3 1 1000001 1000001 
6344 2 3 2 1 1000001 1000001 
6345 2 1 1 2 1000001 1000001 
6346 4 3 3 4 1000003 1000003 
6347 1 1 1 2 1000001 1000001 
6348 1 1 1 1 1000001 1000001 
6349 1 1 1 1 1000001 1000001 
6350 1000001 1000001 1 1 1000001 1000001 
